1 2011 1 1 6 47 53.570 -3.226764 100.180293 8.402 3.6 0.969
4 2011 1 2 7 44 53.260 2.000254 96.749619 2.354 3.3 0.969
5 2011 1 2 15 19 32.000 -4.559905 101.259169 45.643 5.6 0.946
6 2011 1 2 17 3 44.050 -2.957765 101.029974 44.459 4.7 1.036
10 2011 1 5 10 15 38.010 -2.617952 99.891154 17.960 5.3 0.479
12 2011 1 6 2 26 4.920 3.457288 98.459466 9.733 4.2 1.009
16 2011 1 8 14 41 19.970 -1.958571 100.378512 10.581 4.3 1.158
17 2011 1 9 9 29 60.000 -2.180092 100.818819 9.962 4.3 0.873
18 2011 1 9 15 29 34.130 2.808239 98.864202 158.948 2.6 0.592
19 2011 1 10 3 10 46.490 2.325244 96.246115 28.140 3.9 1.129
21 2011 1 11 10 50 2.170 1.023828 97.217324 21.604 3.6 0.540
24 2011 1 12 12 50 38.950 -3.014523 99.939497 29.782 4.3 0.290
26 2011 1 13 4 35 24.270 -3.460129 99.565765 34.408 4.7 0.874
27 2011 1 14 1 44 45.070 -2.406093 101.550953 8.932 4.4 1.279
30 2011 1 15 11 23 52.370 2.364657 96.265819 10.762 5.7 0.744
31 2011 1 15 11 36 6.760 2.295887 96.308516 21.745 5.0 0.853
32 2011 1 15 11 45 19.390 2.294445 96.279906 20.365 5.1 1.008
35 2011 1 15 16 26 6.790 2.270990 96.247392 16.563 5.4 0.684
36 2011 1 15 17 20 49.200 2.405534 96.265092 8.710 4.7 0.727
37 2011 1 15 17 30 14.820 2.367134 96.253821 16.524 3.4 1.157
39 2011 1 15 19 29 54.620 2.314695 96.221963 19.612 3.0 0.973
40 2011 1 16 0 24 9.680 2.384683 96.226458 10.936 3.7 1.030
43 2011 1 17 9 13 6.000 -3.470110 100.540069 39.972 3.9 0.619
45 2011 1 17 12 23 9.890 2.013528 96.684438 25.189 4.2 0.548
47 2011 1 17 14 6 49.000 -3.559919 100.569941 27.019 4.5 0.619
48 2011 1 17 14 30 27.050 -1.824960 100.340727 32.737 4.2 0.700
49 2011 1 17 19 20 56.980 -5.239720 102.531135 32.303 6.2 0.537
51 2011 1 18 11 33 43.410 2.416305 96.357353 14.846 5.7 0.369
53 2011 1 18 12 37 55.710 2.405249 96.145569 8.983 4.7 0.663
55 2011 1 22 7 34 16.190 2.780557 95.539843 8.682 5.3 0.680
56 2011 1 22 7 38 58.890 2.773799 95.757123 9.807 5.4 1.313
57 2011 1 23 9 5 35.040 -4.387547 102.048240 46.748 5.1 0.953
60 2011 1 25 16 52 27.100 2.676601 95.632530 10.139 4.0 0.957
61 2011 1 25 22 30 55.740 1.363778 97.196863 36.443 4.0 1.214
64 2011 1 26 15 42 28.330 2.058028 96.699065 16.990 5.6 0.974
67 2011 1 26 16 32 48.120 1.925196 96.508179 25.182 4.0 0.999
69 2011 1 28 5 49 18.670 -1.147604 99.475551 22.812 3.8 0.894
70 2011 1 28 15 45 44.370 1.989016 96.749673 29.549 4.7 0.613
71 2011 1 28 16 25 22.700 1.902010 96.188573 8.000 3.6 0.780
75 2011 1 30 9 46 3.500 -2.731009 99.971081 10.210 4.2 0.342
76 2011 1 30 11 7 35.490 -2.796893 99.991177 25.474 3.9 0.489
78 2011 1 30 11 54 52.510 -2.664546 99.979400 16.394 3.8 0.446
79 2011 1 30 15 49 43.980 4.800360 96.057798 10.033 4.9 0.836
80 2011 1 30 16 49 34.190 2.514555 98.923163 142.621 3.1 1.501
81 2011 1 30 17 5 41.470 -2.821166 100.058564 17.705 4.6 0.501
82 2011 1 31 18 29 20.050 -3.480653 101.528432 26.118 4.7 0.926
85 2011 2 1 0 8 11.190 -0.463865 99.082297 69.522 3.4 0.854
89 2011 2 2 10 23 19.100 4.560665 96.485707 12.515 3.7 0.941
91 2011 2 2 17 19 36.060 -0.752318 99.832276 64.705 3.4 0.619
92 2011 2 2 22 38 11.870 2.005079 96.702963 30.346 3.6 0.653
94 2011 2 3 16 59 6.080 2.654470 96.275764 8.317 3.6 1.330
96 2011 2 4 6 1 11.000 -1.080375 99.929374 24.850 3.6 0.848
97 2011 2 4 16 59 43.930 -0.484120 100.386732 9.729 3.2 0.865
99 2011 2 5 3 36 56.420 -1.315366 99.459672 12.167 3.3 0.911
104 2011 2 6 20 25 46.130 2.847030 98.964191 177.692 4.3 0.507
105 2011 2 7 8 8 37.000 0.770248 98.728975 67.877 5.3 0.558
106 2011 2 9 5 37 25.670 1.365345 97.111269 2.690 3.7 0.999
117 2011 2 11 5 42 51.350 1.475070 97.139650 10.489 4.2 1.192
119 2011 2 12 13 42 3.020 -3.422434 101.688973 30.036 4.1 0.764
128 2011 2 14 8 12 28.990 -0.354022 100.341381 10.658 3.2 0.841
129 2011 2 14 9 15 34.910 -0.341184 100.360725 11.734 3.8 0.699
133 2011 2 15 22 54 57.000 -3.819270 99.521100 24.363 4.1 0.747
135 2011 2 16 11 40 17.250 -1.805794 100.366447 8.124 3.0 0.773
140 2011 2 19 0 46 39.250 -1.486062 100.371830 29.221 3.8 0.718
142 2011 2 19 19 11 56.750 -3.776567 99.466810 34.926 4.5 1.104
144 2011 2 20 10 49 8.400 2.005271 96.620073 25.813 4.0 0.609
145 2011 2 20 14 32 22.720 1.316061 97.099283 31.293 5.1 0.717
148 2011 2 22 1 16 44.000 2.592139 98.908427 154.351 3.8 0.914
155 2011 2 25 16 44 19.320 -0.768845 100.000491 61.483 4.1 0.632
156 2011 2 25 22 8 38.690 -2.976552 100.991037 32.908 4.8 1.191
157 2011 2 27 2 7 44.660 1.917761 99.008635 107.342 3.2 0.422
160 2011 3 1 5 42 10.990 2.056801 96.535831 50.319 3.5 0.643
163 2011 3 3 4 30 14.260 -4.539309 100.973438 10.386 4.8 1.169
164 2011 3 3 9 53 36.430 -2.905771 100.049495 25.628 4.3 0.506
166 2011 3 4 8 7 35.030 1.595115 99.571318 164.917 3.8 0.639
170 2011 3 6 4 2 53.650 4.657119 95.954338 12.514 3.6 0.986
173 2011 3 6 14 10 36.600 2.729990 95.651696 22.747 4.6 0.954
174 2011 3 6 20 55 44.000 2.115610 96.621324 42.332 3.6 0.588
177 2011 3 8 8 0 59.670 0.407281 98.165792 8.763 3.4 0.896
184 2011 3 16 6 34 37.340 3.357395 98.536821 14.584 2.4 0.825
186 2011 3 19 2 33 46.550 0.818939 97.434961 29.662 5.5 0.978
187 2011 3 20 4 35 48.880 1.993441 96.207049 54.399 3.0 0.690
188 2011 3 20 5 55 35.020 2.500703 96.701701 11.108 3.7 2.140
189 2011 3 20 15 30 25.070 1.878725 99.120699 4.813 3.7 1.520
190 2011 3 20 16 16 42.750 -0.756475 99.865057 46.442 4.6 0.598
191 2011 3 20 19 4 31.650 -3.233859 99.967397 34.753 4.3 0.452
194 2011 3 21 19 34 0.600 2.274615 96.386066 10.970 4.8 0.959
195 2011 3 21 19 39 11.880 2.201453 96.198189 10.242 4.3 0.705
196 2011 3 22 8 38 38.700 -3.690213 102.080011 90.084 4.7 0.651
200 2011 3 26 3 19 10.200 1.450450 97.709540 35.017 3.8 2.527
202 2011 3 27 19 53 47.250 2.040393 96.397999 10.400 3.5 1.289
203 2011 3 28 4 7 33.570 1.990002 97.466540 10.228 2.9 1.099
204 2011 3 28 11 18 54.480 2.159025 96.291652 18.915 4.0 0.677
206 2011 3 29 6 59 33.290 1.092492 96.975231 16.741 4.7 0.390
209 2011 4 2 0 7 46.890 2.606739 96.130907 10.123 3.9 0.635
210 2011 4 2 15 24 23.720 2.081671 96.267388 23.204 3.9 0.594
214 2011 4 3 11 5 37.480 3.346408 97.819938 10.262 4.5 0.533
215 2011 4 3 12 48 13.490 3.343253 97.783628 10.571 3.7 0.557
217 2011 4 4 7 13 55.010 3.360293 97.799890 10.114 3.8 0.549
218 2011 4 4 12 37 20.420 3.326933 97.802823 11.331 3.4 0.586
220 2011 4 4 18 30 45.010 1.220102 97.302628 36.355 3.3 0.905
221 2011 4 4 18 36 45.900 2.306596 96.084948 9.894 3.8 0.604
222 2011 4 4 22 51 39.390 2.340264 96.450204 23.822 3.8 0.603
223 2011 4 5 13 57 28.540 -4.625436 101.094146 44.267 4.8 1.135
224 2011 4 6 14 1 44.840 1.661305 97.096341 22.891 5.7 0.969
227 2011 4 6 14 41 38.060 1.583132 97.457025 27.699 2.9 0.512
228 2011 4 7 10 53 51.460 0.544451 98.535028 9.483 3.3 1.298
229 2011 4 7 15 45 55.740 1.358332 97.268741 3.220 3.3 0.478
230 2011 4 7 17 14 2.020 1.116870 97.077832 30.990 3.0 0.710
232 2011 4 9 23 8 34.070 1.986994 96.535254 8.041 2.9 1.062
237 2011 4 13 7 22 45.690 4.659706 95.790533 58.658 4.2 0.564
238 2011 4 14 14 31 45.620 1.260957 97.007100 30.645 3.5 0.449
239 2011 4 14 14 33 23.410 1.311379 97.179831 44.377 3.1 0.652
245 2011 4 14 23 45 22.370 -1.868843 100.342050 36.831 4.7 0.830
248 2011 4 15 19 43 38.520 -3.281839 100.057386 19.638 4.4 0.679
249 2011 4 16 2 59 0.910 2.427428 98.971051 130.640 2.5 0.836
251 2011 4 17 15 46 6.490 -2.945236 100.113712 19.179 3.6 0.680
252 2011 4 18 12 5 42.870 0.283463 98.501545 10.250 3.8 1.273
253 2011 4 18 17 34 31.170 1.775962 99.544194 145.549 3.3 0.848
256 2011 4 20 11 3 55.570 0.952725 98.449772 22.876 3.2 1.178
259 2011 4 21 7 24 27.810 -1.442054 99.389346 31.422 4.0 0.846
263 2011 4 22 13 1 35.780 0.856647 97.062775 24.143 3.2 0.822
266 2011 4 24 2 55 37.490 3.469715 97.739584 12.294 2.5 0.421
269 2011 4 25 21 15 57.540 4.459900 96.383785 10.273 3.3 1.113
272 2011 4 27 4 55 28.040 2.094202 96.587249 17.918 4.9 0.719
280 2011 5 1 4 11 33.260 0.670187 98.537547 30.256 3.4 1.682
286 2011 5 3 13 5 32.230 3.287406 98.149883 10.181 3.8 1.026
291 2011 5 4 19 4 21.790 4.938903 96.062797 14.447 4.0 0.729
293 2011 5 5 10 42 18.510 2.607171 95.858922 10.682 4.4 0.804
294 2011 5 5 15 21 0.210 -4.292582 102.218189 29.829 4.2 1.135
295 2011 5 5 18 18 15.990 -3.442447 99.496086 40.483 4.6 0.541
297 2011 5 9 7 27 33.780 1.943379 99.146021 15.183 2.8 0.930
298 2011 5 9 8 9 22.140 -3.356792 99.642604 42.828 5.0 0.479
300 2011 5 10 16 59 2.730 2.073291 99.011669 14.262 3.5 0.632
302 2011 5 11 16 40 4.680 -1.959621 99.862808 20.940 2.7 1.124
308 2011 5 13 16 24 33.330 2.122380 96.675550 13.921 4.3 0.710
310 2011 5 14 13 29 39.560 2.042878 98.993092 9.273 3.2 0.711
311 2011 5 14 17 2 23.790 2.051632 99.012020 18.249 3.3 0.651
312 2011 5 14 19 27 51.580 3.280123 98.167195 10.721 4.2 1.197
315 2011 5 16 1 25 21.240 -2.795504 99.835400 12.764 4.5 0.411
316 2011 5 16 4 22 27.990 0.993177 97.226239 11.413 3.4 1.187
318 2011 5 18 3 21 18.390 4.219131 97.630059 142.766 4.6 1.043
321 2011 5 19 19 13 29.690 -0.629585 99.580097 32.090 3.8 0.522
323 2011 5 20 20 13 43.160 0.510953 98.479467 29.771 4.7 0.543
324 2011 5 20 21 42 21.800 0.370920 99.879635 10.017 4.3 0.621
325 2011 5 20 23 20 20.060 0.428591 98.434807 29.758 4.5 0.857
326 2011 5 21 2 25 7.610 1.891838 96.566072 55.546 3.3 0.544
329 2011 5 24 8 11 9.610 -5.310253 102.450262 18.932 5.1 0.376
330 2011 5 24 23 29 34.660 -4.360812 102.120883 32.375 5.1 1.050
331 2011 5 26 15 38 8.820 1.891669 97.812304 28.052 4.5 0.780
332 2011 5 26 17 59 31.630 1.801448 99.167675 10.183 3.9 1.082
333 2011 5 26 20 43 36.120 -4.396788 102.238334 24.950 3.7 1.029
338 2011 5 27 8 1 24.090 0.090893 97.440377 50.624 3.7 1.026
339 2011 5 27 8 13 5.900 0.258733 97.620011 33.922 4.9 0.305
340 2011 5 27 8 20 43.760 -0.127520 97.393731 54.984 4.1 0.634
341 2011 5 27 9 43 49.090 0.180669 97.500771 37.152 4.1 0.808
342 2011 5 27 12 54 34.080 -0.848704 100.581247 10.206 3.5 1.457
343 2011 5 27 15 4 39.390 -0.810027 100.454487 10.081 2.9 1.042
345 2011 5 28 0 18 4.400 0.833916 97.367601 26.677 3.4 1.499
346 2011 5 28 15 0 27.760 0.530952 98.449592 30.711 3.8 0.810
349 2011 5 30 16 53 58.370 0.497416 98.465300 11.161 3.0 0.711
350 2011 5 30 21 46 47.620 2.550688 95.888731 9.689 4.5 0.516
353 2011 5 31 15 22 40.730 -4.263604 101.992961 35.692 3.7 0.664
354 2011 5 31 20 13 43.530 0.489846 98.499212 30.186 3.6 0.703
356 2011 6 1 8 2 54.250 3.038669 96.372967 10.236 3.4 1.997
358 2011 6 3 5 42 56.360 4.876318 95.889796 11.013 4.5 0.538
359 2011 6 4 5 47 55.120 -3.557784 101.561709 24.221 4.6 0.921
361 2011 6 5 8 19 28.700 -0.771631 99.923085 40.945 3.7 0.720
366 2011 6 7 2 54 22.180 1.182689 96.709641 33.385 5.1 0.655
367 2011 6 7 3 5 18.720 1.319355 96.826266 25.607 3.5 0.713
368 2011 6 7 3 27 36.810 1.159151 96.609601 33.822 4.7 0.566
369 2011 6 7 10 46 6.100 0.860137 96.109950 10.004 3.7 0.170
372 2011 6 8 8 48 48.310 -5.290024 102.468721 18.847 4.8 0.485
375 2011 6 8 16 40 57.500 0.819865 96.110050 24.995 4.3 0.170
376 2011 6 8 17 29 26.090 1.139224 96.531031 23.987 4.1 0.433
377 2011 6 8 18 17 48.390 1.638324 97.348773 28.884 3.2 0.942
378 2011 6 9 11 11 19.300 1.565418 99.515088 148.954 3.7 0.561
382 2011 6 11 14 21 2.800 -3.072676 99.883050 19.880 4.5 1.201
384 2011 6 11 23 17 49.690 -3.338398 101.494539 19.292 4.2 1.258
388 2011 6 13 11 41 42.150 1.106783 96.991245 20.800 4.0 0.324
390 2011 6 14 0 8 34.080 1.870774 99.092090 19.845 5.2 1.096
391 2011 6 14 0 58 42.430 1.806170 99.152603 4.818 4.0 0.781
392 2011 6 14 3 1 28.970 1.871908 99.117984 15.869 5.5 1.022
393 2011 6 14 3 15 20.890 1.920357 99.219461 31.023 3.2 0.759
394 2011 6 14 3 52 49.060 1.838885 99.335480 20.051 2.9 0.859
395 2011 6 14 3 57 23.300 1.837485 99.205561 9.956 3.8 0.930
396 2011 6 14 4 34 46.420 1.748113 99.105606 15.132 2.9 0.817
397 2011 6 14 4 59 12.820 1.804192 99.133387 13.861 4.2 1.014
398 2011 6 14 5 22 11.600 1.864076 99.162920 11.584 4.0 0.893
399 2011 6 14 8 31 35.960 1.825930 99.231384 16.562 3.3 0.879
400 2011 6 14 10 41 57.500 1.798847 99.116625 9.762 3.6 1.007
401 2011 6 14 12 25 14.590 1.926149 99.134267 13.615 2.9 1.265
402 2011 6 14 12 39 2.340 1.772317 99.160967 14.260 3.2 0.640
403 2011 6 14 12 45 55.710 2.049665 99.180588 33.990 2.9 0.759
404 2011 6 14 12 50 13.740 1.769335 99.214714 10.207 3.0 0.891
405 2011 6 14 16 53 33.950 1.766159 99.135231 7.462 3.7 0.975
407 2011 6 15 4 14 9.760 1.717293 99.118969 4.360 3.3 1.055
408 2011 6 15 9 58 6.210 0.369710 99.749361 9.732 3.5 0.863
409 2011 6 15 23 53 48.580 1.788087 99.114687 10.932 3.4 0.860
411 2009 4 15 16 39 55.950 -0.437217 100.481469 8.247 3.9 0.780
412 2009 4 15 16 43 16.130 -0.415196 100.459916 10.039 4.0 0.962
413 2009 4 15 17 47 27.840 -3.277080 100.208296 42.193 5.5 0.367
414 2009 4 15 20 1 33.560 -3.299955 100.305476 19.646 6.4 0.795
415 2009 4 15 20 14 37.730 -3.276168 100.213684 31.804 4.7 1.151
417 2009 4 15 23 13 51.990 -3.679582 100.070044 24.190 4.6 1.494
420 2009 4 16 20 42 28.010 -3.412789 100.191770 13.132 4.9 0.766
422 2009 4 16 21 51 12.030 3.302365 97.999248 9.957 2.8 1.422
424 2009 4 18 4 31 0.890 1.337323 96.973135 28.981 4.1 0.589
426 2009 4 18 20 5 29.170 -1.522605 99.448875 8.204 4.2 1.008
428 2009 4 19 2 22 54.010 -1.059503 99.963080 8.487 4.1 1.118
429 2009 4 19 11 9 59.930 2.766805 98.953867 162.055 5.1 0.643
437 2009 4 26 13 2 4.010 0.770102 98.462209 24.041 4.0 1.945
450 2009 5 14 9 31 4.010 4.240870 97.529822 145.233 4.3 1.043
453 2009 5 19 15 34 12.040 -1.570767 99.403030 18.337 4.6 0.882
455 2009 5 21 6 14 1.140 0.897998 96.937757 61.924 4.7 1.208
457 2009 5 23 10 54 20.000 -0.010205 100.169760 10.019 5.0 0.448
461 2009 5 27 6 56 30.050 -0.861903 100.627171 9.400 3.3 1.778
464 2009 6 2 1 32 32.210 -3.207382 100.016776 20.529 5.1 0.791
470 2009 6 11 14 49 2.630 1.701396 96.887670 43.047 4.9 0.386
471 2009 6 12 0 48 55.000 1.990230 99.239362 152.979 4.2 0.497
476 2009 7 2 8 51 56.000 -1.051917 100.141361 10.541 5.1 1.060
487 2009 7 13 3 52 38.060 2.065736 97.771884 37.923 4.7 0.794
498 2009 7 22 13 6 20.200 -3.877460 100.901047 7.846 4.8 2.020
505 2009 7 28 8 43 43.000 -5.540732 101.530285 10.036 5.7 0.965
518 2009 8 16 7 38 22.240 -1.547798 99.434471 26.259 6.8 0.770
520 2009 8 16 8 23 51.590 -1.568262 99.305372 9.717 5.4 0.832
523 2009 8 16 10 43 59.760 -1.540025 99.721031 10.996 5.2 0.916
524 2009 8 16 10 45 30.060 -1.700240 99.399261 43.873 5.4 1.675
525 2009 8 16 11 27 6.480 -1.579648 99.728059 5.331 5.1 1.381
529 2009 8 16 12 49 1.620 -1.424737 99.437492 42.449 6.0 0.460
530 2009 8 16 12 58 2.830 -1.530848 99.792832 16.431 5.3 1.012
537 2009 8 16 15 53 2.860 -1.627296 100.119133 2.646 4.3 1.111
539 2009 8 16 18 41 51.650 -1.535022 99.440882 8.754 5.3 0.850
542 2009 8 16 19 31 41.000 -1.549312 99.610173 10.047 4.3 1.602
543 2009 8 16 19 53 26.040 -1.452583 99.289386 26.859 5.0 0.588
545 2009 8 16 20 23 42.990 -1.441398 99.406208 13.958 5.0 0.660
548 2009 8 16 21 10 22.000 -1.470670 99.769836 9.952 4.6 1.602
549 2009 8 16 21 27 2.890 -1.560742 99.283246 6.412 4.6 0.733
550 2009 8 16 21 53 12.830 -1.521548 99.335072 9.055 5.3 0.813
551 2009 8 16 22 48 40.860 -1.422790 99.367843 19.499 4.9 0.550
554 2009 8 17 3 14 44.720 -1.506042 99.602336 11.588 4.5 0.937
555 2009 8 17 3 32 15.620 -1.315808 99.509988 10.869 4.0 0.931
556 2009 8 17 4 3 51.980 -1.568215 99.490934 12.607 4.0 0.901
558 2009 8 17 8 17 4.160 -1.441831 99.737830 2.839 3.8 0.570
560 2009 8 17 9 7 6.760 -1.453926 99.633096 9.905 4.9 1.400
562 2009 8 17 10 34 40.660 -1.477628 99.364014 2.325 4.9 0.959
563 2009 8 17 13 55 38.990 -1.431137 99.377376 32.567 5.2 0.661
564 2009 8 17 14 14 8.070 -1.462417 99.401764 11.925 5.4 0.824
566 2009 8 18 5 13 12.860 -1.423584 99.776585 9.535 4.8 1.465
568 2009 8 18 9 28 57.050 -1.524983 99.507817 9.623 5.0 0.796
574 2009 8 19 1 15 17.920 -1.497020 99.531115 4.077 4.8 1.035
575 2009 8 19 2 55 9.720 -1.461357 99.375232 19.196 5.7 0.456
579 2009 8 19 9 38 56.070 -0.483245 100.326053 2.116 3.3 0.613
582 2009 8 19 11 35 22.650 -1.538662 99.548413 3.644 4.9 1.008
584 2009 8 19 17 32 46.430 -1.466940 99.500433 15.509 4.7 1.083
585 2009 8 20 5 55 55.040 -1.419421 99.474303 18.249 5.1 0.848
586 2009 8 20 7 22 57.300 -1.504595 99.389038 10.900 4.9 0.432
587 2009 8 20 8 48 59.040 -0.407187 99.203200 23.556 4.7 0.566
589 2009 8 20 12 34 2.470 -1.459433 99.758212 13.128 4.8 0.985
590 2009 8 20 12 51 48.520 -1.411698 99.622965 10.726 4.9 0.692
591 2009 8 20 17 11 39.130 -1.615016 99.424449 8.441 4.3 0.806
592 2009 8 20 19 42 38.730 -1.474506 99.637031 12.697 4.8 1.068
594 2009 8 20 22 5 59.360 -1.490124 99.700144 9.101 4.7 1.029
597 2009 8 21 14 58 36.840 -1.461156 99.513687 6.446 4.2 0.917
598 2009 8 21 17 6 49.110 -1.592662 99.590624 12.467 4.8 1.223
600 2009 8 21 18 48 43.780 -1.511145 99.305530 17.605 5.2 0.877
601 2009 8 22 2 52 57.660 -1.410128 99.444680 15.842 4.1 0.669
603 2009 8 22 10 30 3.120 -2.993855 100.955698 28.697 4.9 1.353
604 2009 8 22 15 58 51.280 -1.308102 99.251549 15.055 4.2 0.830
608 2009 8 23 17 38 24.450 -1.597936 99.423726 25.481 5.6 0.824
609 2009 8 23 17 56 56.920 -1.509980 99.330992 17.006 3.8 0.577
610 2009 8 23 18 4 18.630 -1.590116 99.572976 8.763 4.3 1.203
611 2009 8 23 18 6 58.120 -1.501664 99.370648 16.059 4.2 0.704
612 2009 8 23 18 14 42.980 -1.659234 99.420032 17.469 4.6 0.655
613 2009 8 23 18 20 2.460 -1.589939 99.687438 14.421 3.8 1.952
614 2009 8 23 18 23 59.420 -1.678438 99.471000 20.591 4.4 0.703
615 2009 8 23 18 30 30.880 -1.485036 99.338849 13.978 4.0 0.705
617 2009 8 23 18 45 53.900 -1.500095 99.611142 9.576 4.1 0.939
618 2009 8 23 18 59 59.430 -1.517974 99.447315 26.507 3.7 0.994
620 2009 8 24 11 28 58.910 -1.522420 99.737832 11.369 4.8 1.348
622 2009 8 25 6 37 11.090 -2.897020 100.989896 18.866 4.4 1.620
623 2009 8 25 16 35 29.500 -1.656392 99.474250 7.233 4.2 0.516
624 2009 8 25 20 7 36.590 -1.517729 99.726551 17.092 4.9 1.031
626 2009 8 26 1 52 23.440 -1.534681 99.385166 6.742 4.8 0.407
635 2009 8 27 13 28 7.090 -1.320499 99.246477 14.415 4.8 1.159
636 2009 8 27 22 51 30.620 -1.503298 99.496664 15.431 5.0 0.919
638 2009 8 28 16 31 18.330 -1.277587 99.491163 11.577 3.7 0.727
641 2009 8 30 6 23 15.890 -1.373156 99.536610 11.007 4.5 1.835
643 2009 8 30 18 33 41.830 -1.490987 99.468995 6.269 3.9 0.583
644 2009 8 30 20 45 33.650 -1.460491 99.608923 29.826 4.8 1.414
646 2009 9 1 23 47 45.200 -1.437983 99.323255 19.982 5.1 0.578
647 2009 9 1 23 50 41.800 -1.318791 99.365178 12.866 4.9 0.679
648 2009 9 2 0 24 48.090 -1.701154 99.521228 10.129 3.9 0.985
649 2009 9 2 0 29 47.810 -1.723168 99.582247 10.454 4.5 1.198
651 2009 9 2 2 8 14.640 -1.499810 99.271593 21.911 4.9 0.972
654 2009 9 2 4 13 33.000 -1.130014 101.580001 9.998 4.1 0.289
657 2009 9 2 18 33 51.250 -1.661418 99.589967 7.482 4.6 0.953
660 2009 9 3 12 10 56.220 -1.437689 99.440015 8.455 4.4 0.947
662 2009 9 4 5 24 42.980 -1.185280 100.199158 9.243 4.7 1.490
664 2009 9 4 8 47 28.580 -1.389623 99.333790 10.336 4.9 0.630
665 2009 9 4 14 39 23.610 -1.491782 99.405208 11.610 4.7 0.546
666 2009 9 4 17 46 13.170 -0.655644 100.023403 40.470 3.5 1.442
668 2009 9 5 8 19 32.040 1.099420 96.929535 19.835 4.6 0.122
671 2009 9 5 17 7 52.190 -1.467352 99.267002 6.905 4.7 0.728
673 2009 9 6 9 14 35.760 -1.492594 99.453647 27.770 4.8 1.811
675 2009 9 6 20 16 24.210 -1.414989 99.382822 8.765 3.9 0.741
678 2009 9 7 15 25 1.630 -1.462602 99.465565 3.377 4.6 1.211
681 2009 9 8 4 5 9.000 -1.396383 99.412750 4.743 4.3 0.608
682 2009 9 8 7 8 15.290 -1.489828 99.380269 5.037 4.6 0.685
683 2009 9 8 10 15 30.970 -1.601187 99.619568 2.975 4.6 1.373
685 2009 9 8 15 20 23.790 -2.930957 100.955473 19.520 5.0 0.842
686 2009 9 8 17 43 18.960 -1.538666 99.660635 16.293 3.7 0.807
688 2009 9 8 21 47 7.100 -2.017277 100.462435 14.366 4.3 1.165
690 2009 9 9 1 45 28.940 -1.966784 100.344631 40.369 4.5 1.184
694 2009 9 9 14 2 6.740 -1.354000 99.393780 12.892 4.0 0.622
697 2009 9 9 21 6 10.900 -2.068846 100.532975 22.691 4.0 1.297
698 2009 9 10 1 56 9.570 -1.139252 99.539180 13.323 3.3 0.746
699 2009 9 10 6 21 0.800 -1.480631 99.499340 4.746 4.7 0.905
700 2009 9 10 7 50 38.610 -1.603311 99.536277 9.116 4.2 0.692
703 2009 9 11 12 53 52.480 -1.387428 99.499778 5.763 3.9 1.000
705 2009 9 11 14 38 8.010 -1.568608 99.644735 2.887 4.2 0.971
710 2009 9 13 19 15 47.000 -1.100472 99.879928 10.167 3.9 0.781
711 2009 9 14 3 35 56.600 -1.510976 99.535628 4.015 4.4 1.162
714 2009 9 14 8 32 10.710 -1.474158 99.351526 4.632 4.4 0.384
716 2009 9 15 2 15 55.170 0.397836 98.598167 31.002 4.4 0.520
717 2009 9 15 9 28 21.750 -1.541557 99.321432 10.602 4.3 0.202
719 2009 9 16 6 37 54.890 -1.309544 99.313301 16.708 3.9 1.006
720 2009 9 16 14 7 19.000 0.240119 100.139869 10.032 3.9 0.942
721 2009 9 16 17 33 35.940 -1.526089 99.360171 20.016 5.1 1.062
722 2009 9 16 23 46 58.990 -4.644100 102.500839 41.190 4.9 1.045
725 2009 9 18 1 5 1.780 -1.434345 99.385643 26.780 5.3 0.512
726 2009 9 18 5 18 8.370 -1.193340 99.337910 9.247 4.6 1.695
729 2009 9 18 19 2 15.960 0.549061 100.029926 9.727 4.0 0.694
730 2009 9 19 2 4 3.360 0.591733 99.980914 6.569 4.6 0.696
732 2009 9 19 2 5 50.260 0.566173 100.041969 8.171 4.7 0.563
733 2009 9 19 2 47 53.350 0.593767 99.997313 11.054 3.5 0.188
736 2009 9 19 11 13 45.440 0.554009 100.019018 11.437 4.3 0.684
737 2009 9 19 14 28 14.400 1.417465 96.986854 30.643 4.5 0.538
738 2009 9 19 16 9 30.830 -1.421557 99.428685 13.040 4.3 1.335
741 2009 9 19 22 41 34.070 0.434659 100.112411 19.459 3.2 0.638
743 2009 9 19 23 41 5.260 0.603316 100.018624 11.340 3.1 0.496
744 2009 9 20 10 36 51.740 1.697367 99.112599 14.923 3.3 1.039
746 2009 9 21 7 57 51.230 0.628146 100.012179 8.583 3.8 0.591
752 2009 9 22 16 6 0.950 2.044047 98.891601 115.229 4.2 0.551
753 2009 9 22 16 52 34.100 -2.969938 100.959039 18.868 4.1 0.722
754 2009 9 22 23 58 53.940 -1.483089 99.351427 20.149 4.7 0.706
755 2009 9 23 11 18 5.760 -1.248787 99.333883 5.444 3.9 0.344
759 2009 9 24 11 22 10.100 -2.885819 101.009922 16.451 4.4 0.777
760 2009 9 24 14 8 50.860 -1.593577 99.500870 15.258 4.3 1.125
761 2009 9 24 21 54 27.230 -0.314143 100.472062 21.627 2.7 1.007
763 2009 9 25 7 14 38.370 -1.595830 99.524448 18.290 4.8 1.008
771 2009 9 28 4 48 29.800 0.592665 99.992025 17.853 4.2 0.675
772 2009 9 28 11 24 36.640 -1.756926 99.338969 17.366 4.2 0.566
773 2009 9 28 17 5 53.720 0.487085 100.102474 17.068 3.5 0.738
777 2009 9 30 10 16 10.010 -0.827881 99.774970 79.928 7.9 1.327
783 2009 9 30 11 10 52.970 -0.877775 99.781468 58.414 4.0 0.516
785 2009 9 30 12 40 11.850 -1.028978 99.758674 57.224 4.4 0.414
788 2009 9 30 14 5 23.940 -1.342269 99.590355 30.093 4.0 2.187
790 2009 9 30 15 19 1.530 -0.786931 99.831714 62.568 4.6 0.965
793 2009 9 30 21 28 1.260 -0.828980 99.706842 59.239 5.0 0.586
795 2009 10 1 2 20 33.700 -2.335178 101.509083 11.849 5.6 1.293
799 2009 10 1 3 40 24.990 -2.298685 101.701759 9.600 4.5 1.037
806 2009 10 1 7 29 40.080 -0.931943 99.771819 49.407 4.6 0.711
807 2009 10 1 10 4 47.280 -0.837055 99.860127 51.563 4.0 0.606
809 2009 10 1 15 20 34.080 -2.298315 101.747622 4.416 4.2 0.592
810 2009 10 2 1 5 6.340 -0.764593 99.816132 7.461 3.7 0.558
811 2009 10 2 3 22 52.920 -0.801655 99.747712 37.357 4.0 0.479
815 2009 10 2 14 54 8.990 -2.479947 101.680569 10.174 4.8 0.876
817 2009 10 3 1 34 10.930 -2.341776 101.595580 11.105 4.3 1.193
819 2009 10 3 12 23 19.860 -0.816101 99.820472 61.192 4.0 0.565
822 2009 10 3 17 23 0.340 -0.848391 100.032345 70.892 3.8 0.453
823 2009 10 3 17 30 59.500 0.643554 100.095293 4.289 3.5 0.595
824 2009 10 3 21 33 32.210 -0.757917 99.895603 58.685 3.9 0.608
828 2009 10 4 10 52 17.890 -0.736566 99.801376 38.029 3.6 0.315
830 2009 10 4 13 24 54.110 -0.835734 99.771642 40.790 4.3 0.715
835 2009 10 5 12 51 2.030 -0.900961 99.682576 47.272 5.1 0.778
838 2009 10 6 2 18 20.000 2.130289 96.170060 10.058 4.1 0.968
839 2009 10 6 22 9 24.130 -0.759301 99.980868 50.211 3.8 1.043
840 2009 10 7 3 19 1.850 -0.817093 99.824721 51.079 4.5 0.574
851 2009 10 10 3 38 20.650 -0.746500 99.762724 28.987 3.5 0.352
852 2009 10 10 6 33 34.000 3.081513 96.394033 20.887 4.3 1.358
857 2009 10 11 14 13 26.990 -2.169236 100.770723 36.238 3.9 0.682
860 2009 10 12 4 22 5.740 -1.492142 99.329876 13.118 4.4 0.413
862 2009 10 14 3 32 54.480 2.396920 97.114784 12.548 2.9 0.343
868 2009 10 18 10 47 29.930 -3.527667 101.584189 18.804 4.9 0.869
870 2009 10 19 16 35 7.050 -1.871609 100.316332 32.635 5.2 0.784
871 2009 10 19 20 25 22.910 -0.465731 99.052495 26.008 4.5 0.715
872 2009 10 19 23 58 57.250 -1.837698 100.430777 6.983 3.8 0.964
873 2009 10 20 7 41 0.950 -0.751192 99.755496 7.915 3.8 0.333
877 2009 10 21 4 12 0.250 -2.302616 101.434420 12.135 4.2 1.556
879 2009 10 21 19 21 50.020 -1.391827 99.371164 16.208 3.7 0.499
887 2009 10 25 1 50 1.490 -1.676688 99.403579 20.047 5.0 0.725
888 2009 10 26 21 11 58.190 -0.758483 99.811887 30.285 3.9 0.488
912 2009 11 1 14 33 53.230 -1.446032 99.233402 17.056 4.3 0.922
913 2009 11 1 19 2 14.060 1.305064 96.937714 20.822 4.4 0.245
914 2009 11 2 3 14 51.000 0.139862 100.080116 13.969 4.0 0.942
919 2009 11 4 16 35 28.110 -2.904387 100.991230 14.493 4.2 0.825
920 2009 11 4 19 40 22.110 2.173797 96.487233 4.647 3.6 0.869
923 2009 11 5 4 21 31.120 2.685364 98.967682 147.237 4.7 0.820
926 2009 11 6 20 18 18.920 4.890476 95.983673 30.085 3.9 0.758
928 2009 11 7 1 17 36.150 3.400249 97.835195 7.972 2.4 0.739
931 2009 11 9 7 44 18.990 -0.824883 99.703578 51.970 4.4 0.536
937 2009 11 10 9 47 40.070 -1.371753 99.277068 24.554 4.7 0.543
938 2009 11 10 19 0 13.170 0.691792 99.819522 7.150 3.9 0.797
939 2009 11 10 21 49 41.930 1.694425 97.333606 8.396 3.4 0.880
941 2009 11 11 2 10 49.870 4.786671 96.088524 16.193 3.7 0.614
942 2009 11 11 3 14 48.980 -1.560215 99.371065 11.251 5.0 0.768
946 2009 11 12 4 6 54.050 0.324447 98.420361 12.983 4.9 1.041
948 2009 11 12 9 14 15.580 -1.560556 99.754203 11.640 4.7 1.201
950 2009 11 12 22 13 39.000 1.839974 96.759717 72.984 2.8 0.299
951 2009 11 13 15 53 55.010 3.068117 96.428327 17.912 3.6 1.657
952 2009 11 13 20 31 13.570 1.748212 96.963964 16.732 3.3 0.903
955 2009 11 14 9 30 40.070 1.895544 98.912471 121.107 4.3 0.470
957 2009 11 16 2 57 12.000 1.428608 97.959025 9.759 2.8 1.406
959 2009 11 17 7 28 59.750 1.096154 96.992241 6.991 3.1 0.378
960 2009 11 17 7 40 17.160 1.545769 97.151012 11.836 4.0 0.603
962 2009 11 18 21 55 38.950 -3.962325 100.812305 13.535 4.8 1.152
966 2009 11 21 19 40 51.900 3.140226 96.279602 16.600 3.4 2.321
967 2009 11 22 5 29 1.030 0.499930 100.093435 12.696 3.9 0.663
970 2009 11 22 19 45 55.190 2.620107 95.657593 31.745 4.4 0.497
971 2009 11 22 22 16 10.110 0.422456 100.057821 14.681 3.7 0.452
974 2009 11 25 3 26 45.820 1.457437 97.155136 4.856 3.9 0.778
981 2009 11 26 19 0 39.020 1.499226 99.300048 9.732 4.8 1.406
982 2009 11 26 19 0 41.980 1.520777 99.250021 25.366 4.5 1.406
987 2009 11 29 2 55 20.320 -0.782347 99.770365 82.777 4.1 0.469
988 2009 11 30 1 53 23.120 4.823624 95.983531 16.128 3.7 0.807
989 2009 11 30 18 29 51.030 -1.435198 99.353225 15.253 4.4 0.932
990 2009 11 30 20 23 7.210 -1.438454 99.350313 7.497 4.2 0.788
994 2009 12 1 5 37 52.760 2.187061 96.489472 4.345 2.7 0.657
995 2009 12 1 8 55 1.170 2.076368 99.009932 2.505 3.7 0.730
998 2009 12 3 2 20 47.400 1.989249 96.793496 5.961 3.8 0.757
999 2009 12 3 3 55 46.780 -2.058503 100.470806 12.908 4.8 1.257
1002 2009 12 3 22 24 46.000 2.740368 95.410325 28.057 4.0 0.541
1005 2009 12 6 2 47 27.000 0.149749 97.079813 19.963 4.8 0.464
1007 2009 12 7 22 6 12.000 0.090249 96.950286 12.036 5.0 0.464
1012 2009 12 8 22 7 33.050 -1.410064 99.334712 25.900 4.3 0.586
1013 2009 12 8 23 42 33.820 -1.223861 99.406334 9.662 3.7 0.712
1016 2009 12 9 21 29 4.900 2.748341 96.097070 11.283 5.7 1.673
1019 2009 12 10 5 5 57.900 2.148733 96.599293 15.097 3.3 1.197
1028 2009 12 12 6 18 14.130 2.796302 95.826725 6.806 4.5 1.208
1030 2009 12 12 18 34 3.000 1.999776 99.250632 149.021 4.7 0.497
1032 2009 12 13 8 10 12.000 2.210256 95.750069 23.053 4.5 0.798
1034 2009 12 13 16 43 2.690 2.135153 96.277754 27.778 3.8 0.576
1035 2009 12 13 17 33 3.910 2.358936 97.063202 15.437 4.3 0.672
1037 2009 12 15 6 31 15.910 -0.559499 100.419718 6.693 3.2 1.020
1038 2009 12 15 6 45 32.780 2.190021 96.547405 11.177 3.1 0.736
1042 2009 12 16 21 49 21.040 1.035110 97.488981 9.637 4.3 1.333
1043 2009 12 17 0 15 40.960 2.454922 98.936623 125.757 3.1 0.267
1048 2009 12 19 7 21 42.950 2.731925 95.783413 9.349 2.9 0.672
1049 2009 12 19 13 43 53.930 2.603492 95.901310 11.788 5.4 0.746
1051 2009 12 19 14 30 1.420 2.172131 96.300718 29.271 4.2 0.788
1052 2009 12 20 3 30 32.990 4.802411 96.060619 9.563 4.1 0.664
1054 2009 12 22 17 18 36.710 2.176332 96.198931 16.674 3.0 0.569
1055 2009 12 22 17 23 37.100 2.198907 96.206857 24.070 2.8 0.157
1058 2009 12 23 1 11 59.220 -1.442862 99.401547 26.604 6.3 0.612
1059 2009 12 23 1 47 16.420 -1.506533 99.242931 29.226 5.2 1.424
1060 2009 12 23 2 12 43.740 -1.382254 99.440863 21.167 4.3 0.990
1061 2009 12 23 3 1 27.840 -1.323561 99.581633 30.826 4.4 0.743
1062 2009 12 23 3 28 57.970 -1.433372 99.358319 11.024 3.9 0.823
1070 2009 12 23 16 46 29.070 2.689732 96.106493 10.865 3.6 1.759
1071 2009 12 23 19 21 0.810 -1.139990 99.407743 0.603 3.8 0.738
1073 2009 12 24 1 3 3.660 -1.252021 99.476461 15.026 3.1 0.954
1075 2009 12 24 5 40 18.860 -1.451142 99.350249 7.404 4.5 0.839
1076 2009 12 24 7 13 40.900 -1.480434 99.430924 15.551 3.6 0.757
1078 2009 12 24 11 23 32.700 -1.293301 99.503201 11.867 3.2 0.497
1079 2009 12 25 1 45 57.830 -1.384845 99.435837 17.224 4.4 0.875
1080 2009 12 25 3 22 43.000 -1.119983 101.660004 10.002 3.4 0.289
1081 2009 12 25 4 11 25.870 -1.301190 99.547323 12.772 3.4 0.774
1082 2009 12 25 4 35 58.980 -1.374490 99.402163 9.223 3.6 0.857
1083 2009 12 25 7 28 38.630 2.142037 96.506161 81.489 3.5 0.575
1084 2009 12 25 19 32 19.790 -1.417441 99.479659 3.693 3.9 0.761
1087 2009 12 26 9 32 36.710 1.991319 96.745929 10.937 3.3 0.397
1090 2009 12 27 0 27 58.990 2.067511 98.949370 106.979 4.0 0.545
1094 2009 12 27 7 35 43.000 1.381370 98.090889 15.226 3.1 1.406
1096 2009 12 27 11 18 18.430 -0.660506 100.022816 43.412 3.8 0.808
1106 2009 12 30 15 32 21.010 -1.422030 99.414481 9.775 4.1 0.674
1109 2010 1 1 4 41 18.760 -1.376079 99.407282 11.967 3.9 0.888
1112 2010 1 1 8 32 1.060 0.849574 98.508375 9.431 3.5 1.297
1113 2010 1 1 8 44 18.920 0.750138 98.435755 20.448 3.9 1.729
1116 2010 1 3 15 39 49.020 -0.826858 99.858273 54.759 3.9 0.605
1118 2010 1 4 11 6 51.960 0.951982 100.007641 186.581 3.5 0.807
1120 2010 1 4 23 28 17.010 0.279372 98.919801 27.938 4.0 0.732
1123 2010 1 7 1 57 9.130 1.132219 96.982837 11.158 3.6 0.653
1126 2010 1 7 19 38 56.120 0.884956 97.036015 20.991 3.8 0.620
1130 2010 1 9 20 19 46.910 -1.281954 99.406089 13.503 4.4 0.596
1131 2010 1 9 21 17 33.390 2.567527 96.984577 4.832 3.4 0.653
1133 2010 1 10 10 30 54.990 -1.526101 100.367443 26.263 3.8 1.558
1134 2010 1 11 10 45 28.010 1.980330 97.412620 13.014 2.6 0.665
1138 2010 1 12 12 40 1.030 4.486514 96.276664 18.759 3.8 1.136
1139 2010 1 12 13 34 47.030 1.197059 96.805334 19.936 3.4 0.570
1140 2010 1 12 22 33 51.000 -1.589717 98.919970 15.008 4.8 1.249
1141 2010 1 13 0 37 7.350 1.823810 99.114620 4.716 3.8 1.076
1143 2010 1 16 1 39 19.040 2.646091 95.780087 12.136 4.3 0.807
1146 2010 1 16 18 32 55.970 -1.359520 99.260074 19.060 4.9 1.043
1150 2010 1 17 14 12 24.110 3.291386 98.410878 11.342 2.5 0.592
1153 2010 1 18 9 16 10.970 3.314770 98.381805 9.678 3.7 0.824
1158 2010 1 20 10 7 47.920 -1.385260 99.389984 11.854 4.3 0.594
1159 2010 1 20 16 52 24.050 -0.778156 99.850990 45.592 2.9 0.452
1161 2010 1 20 19 57 51.920 -1.381814 99.396650 11.473 3.7 0.572
1165 2010 1 21 21 57 22.420 -1.180000 99.472376 2.884 3.5 0.922
1171 2010 1 23 11 26 39.000 -1.530278 98.940039 9.988 4.5 1.249
1173 2010 1 23 16 35 21.760 2.248231 96.745810 19.884 4.3 0.771
1177 2010 1 25 5 32 1.240 2.424384 96.979293 9.950 2.8 0.343
1179 2010 1 25 15 55 43.010 -4.535030 102.479179 49.857 4.9 1.045
1181 2010 1 26 6 53 22.780 -0.415434 98.923604 20.130 5.0 1.395
1183 2010 1 27 1 58 25.980 1.850571 97.597167 10.334 4.6 0.794
1184 2010 1 27 7 29 14.000 0.069584 97.970738 9.969 4.9 0.996
1185 2010 1 27 18 26 13.970 2.040178 97.851120 22.939 4.3 0.649
1191 2010 1 31 7 2 45.870 -2.924854 100.848614 28.622 5.1 1.458
1196 2010 2 1 4 43 51.120 2.586928 95.673554 8.571 3.1 0.426
1197 2010 2 2 14 41 29.280 -3.677272 99.645027 16.650 4.7 1.152
1198 2010 2 5 6 32 14.230 -1.348118 99.472221 23.092 4.6 0.593
1199 2010 2 5 16 15 39.460 2.037986 96.786637 6.830 3.0 0.502
1200 2010 2 6 14 1 26.130 0.472953 98.495305 13.690 3.0 1.399
1205 2010 2 10 0 48 44.260 1.536420 97.023458 20.663 4.9 0.910
1207 2010 2 10 8 28 17.030 1.849851 97.561756 9.702 3.1 1.329
1209 2010 2 10 16 41 4.410 1.613927 97.126899 47.083 2.8 0.442
1210 2010 2 11 5 28 8.290 -3.366891 100.195992 1.728 4.8 1.482
1216 2010 2 13 3 18 57.070 3.106491 96.445205 9.232 3.8 1.406
1218 2010 2 14 4 2 48.990 -1.464327 99.268342 11.337 4.9 1.134
1219 2010 2 14 17 8 21.510 1.526717 97.014794 5.268 3.1 2.002
1221 2010 2 15 15 10 18.300 2.345217 96.510416 13.150 2.2 0.556
1222 2010 2 15 16 2 16.700 2.376343 96.966111 4.764 2.4 0.423
1223 2010 2 15 19 19 29.000 0.680466 99.489212 105.115 2.9 1.601
1225 2010 2 15 20 0 0.730 0.540975 100.049565 12.479 3.8 0.665
1226 2010 2 16 4 42 37.540 1.097109 99.689859 11.463 3.2 1.086
1231 2010 2 17 20 24 56.370 -1.547584 99.355975 12.299 4.2 1.041
1232 2010 2 18 9 1 39.020 2.009739 99.045042 4.297 3.4 0.789
1233 2010 2 18 16 2 17.010 -0.950180 100.219166 9.854 3.5 1.374
1234 2010 2 18 16 24 22.950 2.023479 99.072545 10.118 2.8 0.666
1243 2010 2 23 13 24 9.300 2.171783 96.198444 16.542 4.5 0.822
1245 2010 2 23 20 2 9.830 2.022712 99.007392 11.027 3.9 0.673
1246 2010 2 23 20 27 26.520 2.050477 98.995086 13.779 3.7 0.745
1247 2010 2 23 20 55 13.050 2.029355 99.000302 4.295 3.2 0.695
1248 2010 2 23 21 49 10.910 2.033731 99.013528 5.909 2.9 0.775
1249 2010 2 23 21 57 17.780 0.745751 99.683899 9.008 4.0 1.152
1251 2010 2 25 17 49 30.070 0.742769 99.677149 10.742 3.1 0.666
1254 2010 2 26 2 11 50.020 -0.840035 99.805525 53.073 3.5 0.510
1255 2010 2 26 13 47 15.540 1.845627 99.172961 11.223 2.5 0.988
1263 2010 2 28 12 33 40.170 1.812523 99.206311 8.104 2.8 0.820
1264 2010 2 28 14 6 6.850 2.028494 99.010249 9.643 3.5 0.533
1265 2010 2 28 15 55 30.980 2.012985 98.971143 8.317 4.0 0.691
1266 2010 2 28 19 24 43.970 2.055071 99.004041 10.692 3.9 0.532
1267 2010 2 28 19 39 33.000 2.016425 98.947338 5.339 2.9 0.766
1269 2010 3 1 8 59 24.640 1.997641 99.027598 12.636 3.4 1.353
1273 2010 3 2 19 24 26.920 2.087090 98.983209 11.246 3.4 0.538
1275 2010 3 2 22 33 34.000 1.531863 97.387819 16.672 3.4 0.683
1276 2010 3 2 23 41 30.050 0.751159 99.686904 8.638 3.1 0.721
1282 2010 3 5 16 7 2.960 -3.847765 100.912748 37.800 6.3 1.564
1290 2010 3 9 10 27 27.710 0.488830 98.237415 15.729 4.1 1.637
1291 2010 3 10 11 36 54.990 1.919944 98.982128 98.975 3.7 0.667
1293 2010 3 10 13 19 19.960 2.442230 96.979639 15.043 2.5 0.533
1294 2010 3 10 14 26 37.150 2.068100 98.988521 13.697 3.2 0.574
1295 2010 3 10 23 14 23.270 2.092967 99.003543 15.002 3.0 0.533
1297 2010 3 11 12 6 45.150 2.037053 98.978951 4.562 2.8 0.549
1299 2010 3 12 17 27 41.440 -0.835065 99.821997 44.979 4.9 0.646
1302 2010 3 12 21 38 30.050 1.046689 100.042842 196.516 3.5 1.036
1303 2010 3 13 7 5 2.780 2.039800 98.965430 11.210 3.8 0.638
1304 2010 3 13 14 59 3.610 1.469263 97.166684 20.322 5.4 0.862
1305 2010 3 13 15 15 32.000 1.369490 97.550842 36.985 2.9 2.527
1306 2010 3 13 16 5 16.520 1.326313 96.943364 19.890 3.7 0.565
1307 2010 3 13 16 34 37.160 1.360575 96.996657 28.245 4.2 0.950
1308 2010 3 13 19 17 20.130 1.567386 97.137399 9.474 3.7 0.708
1309 2010 3 14 8 21 53.010 0.913456 99.512452 9.079 4.6 0.894
1311 2010 3 15 18 21 15.950 4.420187 96.413371 10.055 4.3 0.915
1312 2010 3 15 18 54 21.270 1.204245 96.999336 30.762 4.9 0.540
1313 2010 3 15 19 9 9.080 1.296953 97.080582 33.895 3.1 0.580
1319 2010 3 17 14 25 41.020 0.977685 97.750552 21.667 3.0 1.188
1321 2010 3 18 5 45 22.400 1.439246 97.091133 7.517 3.5 1.755
1322 2010 3 18 19 22 24.640 -0.865206 99.919382 77.522 3.5 1.051
1331 2010 3 21 10 23 3.740 2.060042 99.016260 9.291 4.0 0.554
1333 2010 3 21 22 40 43.000 -3.749795 101.939976 87.790 5.2 0.651
1334 2010 3 21 23 5 30.600 -1.470626 99.240394 8.227 4.4 0.928
1335 2010 3 22 5 26 0.260 0.531298 98.384336 12.652 3.4 1.244
1338 2010 3 22 20 37 9.180 -1.327963 99.245659 15.147 4.0 0.805
1340 2010 3 23 4 59 21.040 1.744814 99.484930 144.359 3.3 0.840
1341 2010 3 23 21 4 37.010 3.652220 97.059444 74.144 3.9 0.892
1344 2010 3 24 21 42 11.640 2.169621 96.483234 6.708 3.2 0.570
1345 2010 3 24 22 21 32.330 2.266718 96.462462 14.846 3.1 0.670
1350 2010 3 27 14 16 6.670 -1.406890 99.429975 10.920 4.4 0.661
1351 2010 3 27 21 0 12.010 -0.770412 99.629956 24.910 4.0 0.522
1353 2010 3 29 5 0 59.000 0.951381 97.618283 9.866 4.7 1.113
1356 2010 4 1 5 35 49.280 2.134796 96.137495 33.860 3.3 0.562
1358 2010 4 1 13 1 59.040 -3.752025 100.847236 21.456 4.8 1.564
1360 2010 4 2 2 21 21.020 -1.830816 100.378963 38.878 4.6 0.657
1361 2010 4 3 14 50 2.070 1.809349 98.892509 117.295 4.7 0.534
1363 2010 4 4 12 43 15.920 2.437809 95.902308 27.096 4.7 1.175
1364 2010 4 4 13 9 25.000 -2.134195 100.593279 9.733 4.3 1.253
1375 2010 4 6 22 15 2.930 2.280208 97.022660 35.715 7.7 0.337
1376 2010 4 6 22 26 9.930 2.296936 96.887425 25.683 5.6 0.750
1382 2010 4 6 22 54 7.160 2.362351 97.112765 27.207 5.4 0.392
1383 2010 4 6 23 7 23.980 2.218754 96.584288 2.141 4.7 1.037
1384 2010 4 6 23 16 9.690 2.237528 97.020278 3.144 4.2 1.240
1386 2010 4 6 23 27 42.360 2.035526 96.546157 10.734 4.3 1.119
1387 2010 4 6 23 35 37.490 1.937024 96.736011 14.041 5.2 0.836
1388 2010 4 6 23 44 7.020 2.647470 96.658232 10.956 4.0 1.215
1390 2010 4 6 23 55 51.150 2.092389 96.589239 6.932 4.1 0.785
1391 2010 4 7 0 3 29.760 2.241598 97.010404 4.413 3.4 0.756
1392 2010 4 7 0 7 3.980 2.041088 96.641041 50.650 3.5 1.320
1393 2010 4 7 0 8 53.260 2.089218 96.520109 13.047 3.7 0.833
1394 2010 4 7 0 13 58.120 2.056117 96.713006 8.224 4.3 0.785
1395 2010 4 7 0 18 14.990 1.788920 97.423096 10.071 3.5 1.581
1396 2010 4 7 0 24 58.900 2.460166 95.980528 10.042 3.1 1.039
1397 2010 4 7 0 33 6.590 2.205968 96.340677 32.846 3.2 0.874
1399 2010 4 7 0 42 59.000 2.571447 96.471126 10.132 3.6 2.657
1400 2010 4 7 0 48 59.950 2.759941 96.071826 10.049 3.3 1.289
1401 2010 4 7 1 10 50.950 2.741345 96.152851 12.611 3.2 1.234
1402 2010 4 7 1 24 59.530 2.149635 96.296622 58.975 3.4 0.960
1403 2010 4 7 1 31 54.080 2.667367 96.735636 7.829 3.4 2.047
1404 2010 4 7 1 33 57.000 2.700111 96.250498 8.630 3.3 1.702
1405 2010 4 7 1 59 57.270 2.233368 96.696971 5.439 3.3 2.141
1406 2010 4 7 2 2 21.010 2.070878 96.676683 8.819 4.3 0.854
1410 2010 4 7 2 46 30.350 2.088608 96.307602 47.849 3.7 0.602
1411 2010 4 7 3 32 39.010 2.319765 96.783036 12.368 4.6 0.959
1414 2010 4 7 4 14 3.630 2.254353 96.370073 18.487 3.4 0.763
1415 2010 4 7 4 22 17.770 2.665726 96.968376 25.442 5.0 0.810
1417 2010 4 7 5 5 10.820 2.033978 96.692423 21.693 4.3 0.476
1418 2010 4 7 6 36 16.520 2.206318 96.456210 16.244 3.4 0.867
1419 2010 4 7 6 46 8.940 2.563720 96.633874 10.191 3.7 1.405
1420 2010 4 7 7 34 38.070 2.319433 96.276892 7.387 4.3 1.303
1421 2010 4 7 7 54 22.980 2.297550 96.499697 19.489 4.8 1.150
1422 2010 4 7 8 17 0.530 2.207224 96.477618 21.320 4.9 0.604
1423 2010 4 7 12 4 19.000 2.179744 95.659934 21.951 3.2 0.798
1424 2010 4 7 12 22 56.050 1.967325 96.441335 9.612 3.0 0.871
1425 2010 4 7 12 46 22.310 2.424279 96.167620 29.690 2.3 0.472
1426 2010 4 7 13 25 0.980 2.352491 96.783643 12.088 3.7 0.342
1428 2010 4 7 14 17 30.060 2.118041 96.112555 60.036 3.6 0.478
1429 2010 4 7 15 13 25.710 2.141886 96.385763 12.034 3.6 0.678
1430 2010 4 7 15 15 23.000 2.075664 96.200651 18.847 3.5 0.287
1431 2010 4 7 15 17 52.700 2.121863 96.507680 10.872 3.6 0.714
1432 2010 4 7 15 31 18.030 2.729998 96.639129 11.191 3.0 1.110
1433 2010 4 7 16 32 14.140 2.058201 96.245321 37.289 3.6 0.476
1435 2010 4 7 18 14 56.090 2.517426 96.569095 27.933 2.6 0.837
1436 2010 4 7 19 14 26.960 2.411976 96.222134 69.646 2.4 0.546
1439 2010 4 7 20 21 9.420 2.058372 96.797098 16.014 3.9 0.527
1440 2010 4 7 21 58 59.650 2.147864 96.436765 54.648 4.0 0.725
1441 2010 4 8 0 7 51.210 1.884446 96.504672 8.642 2.7 0.717
1446 2010 4 8 3 29 19.730 2.094099 96.815241 7.285 3.2 0.503
1447 2010 4 8 3 57 4.210 2.798377 95.708351 24.339 2.8 0.325
1448 2010 4 8 4 49 25.110 2.410020 97.157452 30.129 4.6 0.459
1450 2010 4 8 5 40 28.010 2.560187 97.055268 29.142 3.2 0.621
1451 2010 4 8 5 46 49.510 1.956131 96.926743 10.602 2.9 0.615
1452 2010 4 8 6 27 48.780 2.039304 99.143824 13.797 2.8 0.687
1455 2010 4 8 6 55 40.970 2.027082 96.541135 52.646 3.4 0.552
1456 2010 4 8 7 26 2.610 2.085720 96.368876 68.339 4.1 0.983
1457 2010 4 8 8 21 11.140 2.462527 96.947979 10.026 3.1 0.417
1458 2010 4 8 8 23 45.870 2.647462 95.778462 9.266 3.3 0.830
1459 2010 4 8 8 43 11.880 2.156595 96.841139 8.411 4.1 0.521
1460 2010 4 8 8 44 15.380 2.064219 96.715375 12.854 4.3 0.502
1462 2010 4 8 9 32 9.220 2.546363 95.852064 21.540 3.2 0.713
1463 2010 4 8 9 54 33.600 2.409598 96.803703 29.228 3.6 0.486
1464 2010 4 8 10 47 56.040 1.621166 97.002443 23.540 4.6 1.039
1465 2010 4 8 11 29 47.800 2.191957 96.654948 12.896 3.0 0.703
1466 2010 4 8 17 24 55.870 2.021918 96.199500 29.831 3.6 0.473
1467 2010 4 8 20 28 9.120 1.530385 97.016382 18.862 4.3 0.866
1469 2010 4 9 4 19 25.970 2.554227 96.112699 70.027 3.1 0.602
1470 2010 4 9 6 29 35.210 1.864462 99.186940 8.975 4.8 0.875
1471 2010 4 9 8 59 29.120 2.310655 96.211464 12.779 4.3 0.922
1472 2010 4 9 9 26 6.250 2.145691 96.303871 11.001 2.9 0.681
1473 2010 4 9 9 37 44.090 1.886212 99.354219 13.584 3.2 0.565
1476 2010 4 9 12 7 38.140 1.861905 99.039392 12.343 4.4 0.805
1477 2010 4 9 12 22 53.750 2.380139 96.250829 37.228 2.4 0.415
1478 2010 4 9 12 43 18.580 1.973834 96.729230 25.966 3.8 0.794
1479 2010 4 9 15 59 12.490 1.993444 96.431378 42.700 4.0 0.518
1481 2010 4 9 18 52 12.150 2.195317 96.354501 82.493 3.7 0.932
1486 2010 4 10 7 17 19.790 1.867893 99.232163 8.701 3.5 0.761
1490 2010 4 10 15 52 57.360 1.938857 96.865877 0.881 4.5 0.769
1492 2010 4 10 21 8 22.160 2.504288 97.152639 16.182 3.1 0.600
1494 2010 4 11 5 59 31.000 -5.569290 101.669621 21.959 5.5 0.965
1495 2010 4 11 6 5 55.060 2.565306 96.006574 64.086 3.4 0.476
1497 2010 4 11 11 32 54.670 2.250360 96.927377 9.667 2.6 0.672
1499 2010 4 11 13 23 14.020 2.078906 96.739008 64.360 3.6 1.320
1503 2010 4 12 0 3 46.000 1.880026 96.670284 75.015 3.7 0.299
1507 2010 4 12 12 1 44.370 1.992170 96.745974 12.137 3.5 0.587
1509 2010 4 12 12 50 56.990 2.009985 96.619596 24.872 3.1 0.522
1511 2010 4 12 20 33 28.500 2.371092 97.070032 29.130 4.9 0.519
1514 2010 4 13 4 14 30.630 1.969062 96.619612 29.874 3.4 0.472
1516 2010 4 13 9 29 24.080 2.656617 96.688551 12.374 2.4 1.179
1517 2010 4 13 9 45 9.000 2.708333 96.449037 9.911 2.4 2.657
1518 2010 4 13 12 22 56.330 2.017790 96.584385 32.896 3.7 0.503
1520 2010 4 14 1 58 29.750 1.778291 96.901042 7.489 4.4 1.054
1523 2010 4 14 17 39 12.320 2.403472 96.177757 27.857 3.0 0.455
1524 2010 4 14 18 17 12.090 -0.317645 100.268590 8.637 3.4 0.681
1525 2010 4 14 18 26 9.960 2.152378 96.392177 18.529 3.8 0.639
1526 2010 4 14 21 41 9.870 1.959119 96.463424 46.497 4.1 0.607
1527 2010 4 15 7 30 47.700 1.976565 96.764478 10.905 2.9 0.519
1534 2010 4 16 15 33 8.130 2.477195 95.919259 16.224 2.8 0.872
1535 2010 4 16 18 16 38.640 2.161321 96.800541 9.236 2.6 0.594
1542 2010 4 17 23 14 4.550 1.955260 96.103304 19.302 3.7 0.436
1548 2010 4 18 23 28 50.000 2.186815 96.561446 42.903 4.3 0.508
1549 2010 4 18 23 59 58.290 2.034510 96.656891 17.048 4.0 0.839
1550 2010 4 19 4 21 18.770 1.856335 99.286195 14.248 3.3 0.828
1552 2010 4 19 9 42 26.980 2.370524 96.270745 76.840 4.4 0.514
1553 2010 4 19 9 47 12.050 2.476915 96.216040 77.275 4.4 0.594
1554 2010 4 19 18 39 28.630 1.817559 99.144825 9.272 3.0 0.690
1555 2010 4 20 7 10 19.080 -1.410818 99.226457 8.033 3.9 0.466
1557 2010 4 21 6 39 45.090 2.015001 96.631538 18.240 4.0 0.653
1558 2010 4 21 8 27 38.050 2.478263 96.184365 65.145 2.7 0.550
1561 2010 4 21 20 16 20.280 2.044890 96.256821 53.659 3.7 0.590
1562 2010 4 21 23 40 49.640 2.168005 96.348083 25.017 3.9 0.895
1571 2010 4 25 10 20 22.020 -0.824437 99.611830 40.306 3.9 0.529
1573 2010 4 26 4 43 23.750 1.909812 96.508397 42.535 3.9 0.591
1574 2010 4 26 12 2 33.000 2.481731 95.712590 19.081 4.4 1.104
1575 2010 4 26 12 14 13.280 1.838214 96.925404 31.745 3.3 0.860
1579 2010 4 27 8 37 15.040 1.999869 96.311792 54.251 3.2 0.154
1589 2010 4 30 11 11 35.040 2.233974 96.704518 21.512 2.9 0.445
1592 2010 5 1 15 43 54.120 2.444698 97.372032 19.569 4.5 0.405
1593 2010 5 1 16 10 56.060 2.104635 96.363441 32.711 2.8 0.913
1594 2010 5 1 18 50 13.980 1.891137 96.630992 39.001 4.0 0.657
1595 2010 5 3 22 45 9.000 1.420460 98.819890 10.057 3.5 0.754
1597 2010 5 4 14 15 44.070 1.888446 96.649406 34.862 3.8 0.541
1598 2010 5 4 17 25 22.250 2.436985 97.007161 4.084 3.3 0.649
1600 2010 5 5 16 29 1.960 -4.252714 100.960101 15.159 6.2 1.900
1606 2010 5 6 2 16 8.160 0.488168 98.520672 29.517 3.8 0.883
1607 2010 5 6 5 40 34.420 2.044337 96.744775 25.192 4.6 0.476
1608 2010 5 6 6 14 48.030 -4.351073 100.939273 9.748 5.0 1.551
1609 2010 5 6 6 51 14.000 -4.407537 100.879493 10.066 5.0 1.061
1610 2010 5 6 9 13 8.030 -4.034651 100.857632 24.644 5.0 0.631
1612 2010 5 6 16 49 37.340 2.062140 96.536722 50.907 4.1 0.647
1627 2010 5 10 0 25 31.010 -2.963046 101.169382 39.063 4.1 0.481
1631 2010 5 10 18 21 6.990 -1.949063 99.941580 10.202 4.4 1.228
1637 2010 5 11 11 1 31.630 1.991384 96.549844 46.254 4.3 0.734
1638 2010 5 11 11 1 31.850 2.009390 96.555938 44.626 4.4 0.686
1641 2010 5 11 13 47 21.420 2.095556 96.309980 50.630 4.0 0.679
1643 2010 5 12 1 37 56.220 1.883267 96.507637 36.988 4.3 0.772
1654 2010 5 14 8 52 27.260 0.647680 98.448981 9.882 3.2 1.020
1655 2010 5 16 0 46 28.170 2.133142 96.740052 9.012 4.3 0.536
1660 2010 5 17 15 59 8.000 1.850348 96.929232 23.192 4.2 0.472
1669 2010 5 21 3 0 52.950 2.178334 96.291104 64.641 3.4 0.516
1673 2010 5 22 13 0 38.230 3.415968 97.918740 18.553 4.4 0.757
1675 2010 5 22 16 40 50.060 3.556220 97.903375 26.677 3.3 0.914
1676 2010 5 22 18 56 25.670 1.947674 96.697636 24.229 3.9 0.832
1678 2010 5 23 13 23 22.580 -0.959622 99.638696 13.351 3.7 0.616
1681 2010 5 23 22 55 10.150 2.163616 96.309114 29.622 3.6 0.600
1687 2010 5 26 6 9 13.560 -1.410158 99.505761 5.019 3.8 0.817
1688 2010 5 28 18 32 40.970 -3.996447 100.723086 15.315 5.2 0.632
1690 2010 5 31 15 21 44.860 2.172780 96.446295 29.152 2.9 0.992
1691 2010 5 31 17 11 1.700 1.502091 96.814683 26.615 3.0 1.103
1696 2010 6 3 9 24 17.010 4.540213 95.759452 69.202 5.4 0.564
1703 2010 6 6 20 44 7.970 2.392414 95.899834 25.775 4.4 0.149
1706 2010 6 9 4 27 19.650 0.751330 99.807555 12.882 3.5 0.964
1719 2010 6 14 2 32 3.160 0.775801 97.323635 34.482 3.6 1.096
1720 2010 6 14 11 48 51.980 2.070480 97.870165 25.135 3.7 0.716
1722 2010 6 14 13 4 35.880 1.384367 97.090296 27.024 3.7 0.433
1723 2010 6 14 16 52 48.110 0.407206 98.284591 20.553 4.8 1.412
1725 2010 6 15 9 42 49.320 2.057771 96.775199 12.186 4.7 0.748
1726 2010 6 15 11 54 42.780 -1.866082 99.611242 28.171 4.6 1.290
1731 2010 6 18 20 48 0.870 2.193579 96.241557 17.952 4.4 0.640
1732 2010 6 19 7 5 37.060 1.134015 96.996634 29.121 3.6 0.500
1737 2010 6 21 9 35 42.060 2.565191 96.020930 32.387 4.5 1.085
1739 2010 6 22 6 14 20.990 0.379151 99.851026 10.288 3.7 0.894
1740 2010 6 22 12 5 2.910 3.459202 97.855198 21.839 4.1 0.687
1741 2010 6 23 12 47 48.020 -3.228878 100.127711 30.017 4.4 0.494
1744 2010 6 24 5 28 30.970 0.962792 97.650342 19.319 4.1 1.211
1747 2010 6 24 12 30 57.170 0.882141 97.179273 26.882 3.7 0.848
1748 2010 6 24 15 2 6.720 -3.302144 100.128908 36.682 4.8 0.486
1749 2010 6 24 17 0 31.080 0.886272 97.379085 30.114 3.8 1.313
1752 2010 6 25 6 37 4.030 -0.002646 97.317024 52.918 4.3 0.853
1754 2010 6 26 1 18 5.860 0.379301 98.589743 27.365 4.9 0.812
1759 2010 6 27 7 42 2.720 -1.645577 99.268315 24.344 4.2 1.114
1761 2010 6 29 12 54 45.660 1.162757 97.212618 26.198 4.3 0.937
1763 2010 6 29 22 57 39.570 1.933635 96.855546 74.793 4.7 0.595
1764 2010 6 30 0 49 16.020 -4.560895 101.229725 40.879 4.8 1.008
1765 2010 6 30 10 54 51.280 -0.825073 99.657942 63.193 5.1 0.655
1766 2010 6 30 14 56 59.950 -0.808303 99.845536 66.353 4.6 0.715
1768 2010 7 1 15 21 45.220 1.181618 97.003109 11.483 4.9 0.578
1774 2010 7 4 17 32 43.040 0.927206 98.339870 9.634 3.1 0.551
1776 2010 7 5 7 11 7.190 0.813151 99.747370 11.439 3.1 0.770
1778 2010 7 6 11 53 3.230 2.322075 99.004770 130.077 4.4 0.913
1779 2010 7 6 16 59 41.740 -1.453666 99.373186 16.592 3.3 0.406
1781 2010 7 8 3 43 57.060 0.153093 98.541797 9.545 3.2 1.286
1782 2010 7 8 4 51 36.130 0.509885 98.520173 8.354 3.0 0.886
1786 2010 7 9 8 53 30.850 1.285025 97.247208 41.684 4.4 1.030
1790 2010 7 11 8 48 59.970 -1.350794 100.386420 39.276 3.7 0.696
1792 2010 7 12 21 2 7.620 2.059204 96.765906 23.353 4.7 0.645
1794 2010 7 12 23 9 34.990 0.410671 98.860212 39.071 4.5 0.732
1795 2010 7 13 4 24 41.640 1.271847 97.105901 30.765 4.8 0.823
1796 2010 7 13 4 26 24.040 1.355521 97.091152 24.360 5.0 0.442
1800 2010 7 13 16 52 24.050 -2.438317 101.653101 9.595 4.5 0.755
1802 2010 7 13 22 21 2.340 1.257874 97.036402 28.703 4.8 0.447
1803 2010 7 14 6 19 27.060 -1.422052 100.329845 38.304 4.2 0.880
1808 2010 7 15 22 40 57.300 -1.522159 99.205895 15.524 4.2 0.710
1813 2010 7 21 4 4 35.510 -1.599246 99.604748 11.082 4.3 1.257
1814 2010 7 21 4 10 33.010 -0.499314 99.769608 63.016 3.9 0.665
1815 2010 7 21 16 5 35.670 1.943143 96.649273 24.925 4.5 0.445
1820 2010 7 22 10 21 8.020 -2.020448 99.928023 9.770 4.4 1.173
1822 2010 7 23 10 11 34.970 1.732373 99.526231 149.743 3.6 0.731
1823 2010 7 23 14 34 15.020 -4.650237 102.518005 26.665 5.0 0.870
1824 2010 7 24 2 11 23.290 0.986254 99.474375 10.880 5.7 0.692
1825 2010 7 24 2 48 19.900 1.009313 99.466936 11.345 4.4 0.574
1826 2010 7 24 3 40 52.810 1.018690 99.528836 8.644 5.0 0.612
1827 2010 7 24 8 56 0.890 1.031536 99.538673 10.565 4.4 0.806
1828 2010 7 24 14 59 21.710 0.966752 99.391740 16.407 5.0 0.899
1829 2010 7 24 15 10 25.350 0.687410 99.813508 30.302 3.7 1.449
1830 2010 7 24 15 17 49.120 -1.416299 99.306234 14.327 4.8 0.832
1831 2010 7 24 15 38 10.990 0.942434 99.564336 12.821 3.7 0.726
1839 2010 7 28 8 4 50.390 0.706076 100.063225 12.912 3.9 1.553
1840 2010 7 28 10 9 26.990 -2.857419 101.112960 15.310 4.8 0.978
1844 2010 7 29 1 3 19.820 1.013439 99.522376 11.751 4.3 0.877
1846 2010 7 30 6 48 38.740 0.938260 99.556661 8.747 3.2 0.721
1849 2010 8 2 18 50 54.840 1.902567 96.701386 74.296 4.2 0.622
1852 2010 8 3 7 15 21.830 1.028581 99.525298 12.910 4.6 0.548
1853 2010 8 3 23 59 1.030 1.211079 97.144862 18.935 4.6 0.519
1859 2010 8 5 18 12 36.800 -2.897641 99.981028 25.227 4.2 0.429
1860 2010 8 5 22 38 38.050 0.415988 98.567619 10.864 2.8 0.461
1862 2010 8 5 23 41 22.120 0.988415 99.527020 7.747 3.0 0.718
1864 2010 8 7 0 17 9.000 3.214263 98.122260 9.812 2.7 1.005
1865 2010 8 7 3 58 0.120 3.178816 98.118512 9.510 3.4 1.118
1867 2010 8 7 16 50 22.850 1.012312 99.467405 10.230 3.2 0.502
1869 2010 8 10 11 48 31.520 1.920903 96.709507 19.251 4.0 0.925
1870 2010 8 12 17 33 34.980 1.027074 99.544890 10.863 3.5 0.585
1871 2010 8 12 23 46 55.520 1.277070 96.970191 31.025 4.4 0.491
1872 2010 8 13 3 42 32.230 2.373597 97.118206 19.521 4.4 0.465
1875 2010 8 21 5 42 52.930 2.180612 96.605600 27.890 5.8 0.693
1876 2010 8 21 9 17 26.050 2.240261 96.687190 26.232 4.3 0.691
1877 2010 8 22 8 15 57.300 2.040262 96.585058 37.566 4.7 0.581
1878 2010 8 23 11 37 33.850 1.912479 96.451978 41.023 4.4 0.725
1879 2010 8 24 6 13 48.250 1.668705 97.026569 33.677 3.5 0.601
1881 2010 8 24 18 28 49.310 2.017961 98.962443 6.328 3.1 0.844
1882 2010 8 26 3 46 40.000 2.129652 96.079981 9.941 4.0 0.968
1892 2010 9 1 11 13 47.000 2.689608 95.449677 20.936 4.5 0.541
1893 2010 9 1 16 42 29.010 -4.659990 102.009907 21.953 4.6 0.793
1903 2010 9 7 0 55 47.000 0.629536 99.430806 106.896 2.9 1.601
1905 2010 9 8 1 25 10.670 -2.630004 99.698834 33.869 4.4 0.527
1910 2010 9 10 14 6 4.000 0.200444 98.079236 10.031 3.7 0.996
1911 2010 9 10 14 26 33.540 2.113571 96.425560 54.444 3.1 0.923
1912 2010 9 10 16 48 29.990 -0.390724 99.820404 63.987 3.6 0.665
1915 2010 9 11 8 19 2.070 2.375434 96.362582 74.789 3.1 0.564
1917 2010 9 13 7 25 18.010 -0.370429 99.191524 30.195 4.6 0.886
1919 2010 9 13 10 37 29.950 1.648223 97.091098 30.490 3.6 0.628
1923 2010 9 14 9 47 22.690 2.071987 96.495894 38.826 4.4 0.718
1924 2010 9 15 11 42 8.560 1.371695 97.367267 25.715 3.9 0.909
1925 2010 9 15 14 10 6.680 1.879521 96.599870 33.557 3.8 0.835
1926 2010 9 15 19 24 29.240 0.922814 96.996918 22.973 4.6 0.919
1927 2010 9 16 3 39 21.020 0.939193 97.348853 9.836 4.4 1.328
1930 2010 9 17 19 24 6.170 -2.194360 100.664092 8.387 4.1 0.845
1931 2010 9 18 1 31 7.910 -2.211510 100.633280 10.780 4.4 0.710
1933 2010 9 19 15 27 58.080 2.509874 98.843578 139.832 3.3 0.526
1934 2010 9 19 20 44 49.410 2.022816 96.533474 41.694 4.5 0.788
1936 2010 9 20 10 9 35.550 -1.699342 99.612345 19.123 4.3 1.343
1937 2010 9 21 3 56 42.940 -0.460448 99.031076 21.159 4.7 0.996
1939 2010 9 22 6 32 3.450 1.288561 97.513809 23.827 4.0 0.747
1944 2010 9 25 11 15 57.040 1.753517 99.216466 12.916 2.9 0.957
1949 2010 9 28 23 44 35.850 1.836548 96.683748 33.004 5.2 1.002
1952 2010 9 30 21 47 16.980 1.060897 97.000772 15.507 4.4 0.555
1955 2010 10 2 7 39 35.560 1.844493 96.796660 24.333 4.4 1.078
1956 2010 10 2 7 48 2.830 -0.430670 99.137904 49.344 4.2 0.860
1958 2010 10 3 14 37 21.580 2.040567 96.924048 59.347 3.6 0.454
1959 2010 10 4 4 52 39.010 -2.250358 100.810743 27.916 4.8 0.805
1960 2010 10 4 6 1 30.040 3.223105 98.042383 9.521 3.6 0.915
1962 2010 10 5 3 17 53.020 0.956320 97.281832 39.705 3.7 0.633
1965 2010 10 5 12 27 43.990 -4.650047 102.090080 37.095 4.7 0.793
1971 2010 10 7 17 55 47.820 2.172469 96.663924 21.513 4.6 0.600
1975 2010 10 9 11 17 38.520 2.044205 96.734068 16.871 4.3 0.625
1979 2010 10 11 9 7 14.040 2.019320 98.995564 114.810 4.0 0.432
1980 2010 10 11 17 15 30.550 2.031868 96.554741 21.647 4.4 0.568
1981 2010 10 12 23 46 14.930 -0.806978 99.722206 47.530 3.8 0.602
1982 2010 10 13 7 1 53.720 -3.086465 100.351116 9.540 3.9 1.114
1983 2010 10 13 13 40 33.000 0.070184 100.020189 9.973 4.3 0.448
1986 2010 10 13 21 8 11.980 2.072188 96.626434 34.952 4.2 0.721
1987 2010 10 14 7 17 33.500 1.034829 97.043140 25.942 4.3 0.619
1994 2010 10 17 6 20 17.290 1.334016 97.231445 25.780 4.6 0.853
1996 2010 10 17 22 8 55.040 -2.041755 100.536166 12.426 4.1 1.082
1997 2010 10 18 3 15 40.950 2.351310 98.915596 127.718 3.6 0.578
2001 2010 10 19 11 53 27.500 2.416535 96.257791 19.284 3.2 1.058
2002 2010 10 19 15 19 4.100 4.735645 96.134758 9.831 4.6 0.666
2006 2010 10 22 4 33 10.850 0.663117 99.790505 10.807 4.2 0.778
2007 2010 10 22 4 45 58.950 0.654130 99.789199 8.968 4.2 1.417
2008 2010 10 22 18 52 24.000 1.539623 98.920120 10.942 2.6 0.754
2011 2010 10 24 1 6 0.040 1.685041 99.461388 161.334 2.9 0.589
2014 2010 10 24 21 7 38.060 -1.979789 100.578631 18.623 3.1 1.098
2016 2010 10 25 14 42 20.340 -3.549732 100.025801 18.323 7.1 1.015
2017 2010 10 25 15 10 10.790 -2.671224 100.099438 7.735 5.3 0.404
2018 2010 10 25 15 21 8.470 -3.489751 99.738774 15.261 5.7 0.908
2019 2010 10 25 15 31 10.020 -3.286444 100.046479 30.525 5.1 0.594
2021 2010 10 25 15 55 57.540 -3.462355 99.753491 49.206 5.0 0.790
2022 2010 10 25 17 2 12.170 -3.418388 99.997724 43.080 4.4 0.509
2023 2010 10 25 17 36 40.010 -2.926363 99.369852 23.939 4.7 0.807
2024 2010 10 25 18 13 11.410 -2.797775 99.918185 17.711 4.3 0.578
2025 2010 10 25 18 18 32.740 -2.941986 99.761238 47.123 4.5 0.250
2026 2010 10 25 18 22 50.270 -3.199914 99.484150 19.481 4.1 0.392
2027 2010 10 25 18 40 25.910 -2.871564 99.716208 19.433 4.5 0.512
2028 2010 10 25 18 48 38.930 -3.066549 100.340801 29.322 3.9 0.684
2029 2010 10 25 19 33 25.670 -3.458395 99.711470 6.166 5.4 0.781
2030 2010 10 25 19 37 30.910 -3.079071 100.177923 27.569 6.1 0.445
2031 2010 10 25 19 56 33.040 -3.753186 99.986612 28.396 5.0 0.990
2032 2010 10 25 19 57 55.960 -3.235899 100.208508 23.520 4.9 0.779
2033 2010 10 25 20 4 5.410 -3.486899 99.834546 87.404 4.8 1.269
2034 2010 10 25 20 7 30.800 -3.179606 100.254480 24.431 4.4 0.693
2035 2010 10 25 20 22 10.980 -3.556119 99.744009 14.574 4.8 0.919
2036 2010 10 25 20 52 22.080 -3.246246 99.379262 33.258 4.4 0.457
2037 2010 10 25 21 35 0.760 -2.884502 99.533608 13.382 4.0 0.966
2038 2010 10 25 21 45 19.080 -3.191883 100.036048 37.202 3.9 0.607
2039 2010 10 25 22 10 2.090 -2.893124 99.917541 18.483 4.7 0.726
2040 2010 10 25 22 16 50.980 -4.559953 102.481961 29.324 4.5 0.870
2041 2010 10 25 22 49 7.270 -3.415847 99.581374 3.317 4.2 1.448
2042 2010 10 25 22 59 54.950 -3.376418 100.253109 40.349 5.6 1.213
2043 2010 10 25 23 12 56.630 -3.495386 99.225085 22.981 5.1 0.424
2044 2010 10 25 23 27 35.420 -3.304012 99.494409 31.527 4.3 0.486
2047 2010 10 26 3 28 30.600 -3.288224 100.242725 28.443 4.8 0.630
2048 2010 10 26 3 50 13.770 -3.163790 100.024241 31.365 4.9 0.722
2050 2010 10 26 5 13 57.630 -3.338872 99.628690 31.784 4.6 0.466
2055 2010 10 26 10 0 11.450 -2.717029 99.785612 17.172 4.5 0.349
2056 2010 10 26 10 51 21.020 -3.756030 99.677693 10.105 5.3 0.578
2057 2010 10 26 11 5 46.170 -3.285778 100.016054 32.416 5.0 0.508
2058 2010 10 26 11 17 43.880 -2.996088 100.075758 31.610 3.8 0.076
2059 2010 10 26 11 25 16.770 -2.765474 99.786566 18.979 4.7 0.287
2060 2010 10 26 11 33 19.370 -2.637028 99.702273 25.655 5.1 0.400
2061 2010 10 26 12 0 55.700 -3.374610 99.753322 48.564 3.9 0.709
2062 2010 10 26 13 20 57.400 -2.560606 99.755868 20.781 2.8 0.643
2063 2010 10 26 14 35 35.790 -3.185532 100.142027 32.693 4.4 0.497
2064 2010 10 26 14 57 47.020 -2.330154 99.337976 16.867 4.9 1.064
2065 2010 10 26 16 27 11.910 -2.677794 99.629943 19.978 3.8 0.377
2066 2010 10 26 16 51 24.750 -3.374882 99.563504 39.799 4.0 0.472
2067 2010 10 26 16 57 29.620 -2.725586 99.619767 24.101 3.8 0.373
2069 2010 10 26 17 21 57.190 -3.633334 99.711589 35.528 3.7 0.309
2070 2010 10 26 17 58 6.400 -3.268138 99.616948 36.800 3.8 0.373
2072 2010 10 26 18 50 43.200 -3.501241 99.786965 50.417 4.3 0.673
2073 2010 10 26 19 28 19.810 1.240550 97.044071 26.873 4.0 0.431
2074 2010 10 26 19 40 39.860 -3.595372 99.793396 35.555 4.9 0.539
2075 2010 10 26 20 34 44.810 -3.433355 99.525635 44.200 4.4 0.614
2076 2010 10 26 20 41 3.980 -2.369839 99.321990 25.326 4.7 1.064
2077 2010 10 26 20 46 46.310 -3.227327 99.575151 48.841 4.5 0.434
2078 2010 10 26 21 48 22.420 -3.493395 99.821394 49.634 4.7 0.780
2079 2010 10 26 23 7 10.880 -3.209547 99.780563 35.071 4.3 0.530
2080 2010 10 26 23 9 44.580 -3.750917 99.513157 33.869 5.2 0.714
2081 2010 10 26 23 45 37.170 -2.471696 99.676881 30.993 5.6 0.459
2082 2010 10 27 0 4 0.420 -3.572181 99.496815 34.670 5.5 0.882
2083 2010 10 27 0 17 29.020 -3.493180 99.520700 47.890 5.1 0.703
2084 2010 10 27 2 54 15.980 -3.340153 99.876908 53.099 3.8 1.117
2086 2010 10 27 3 31 1.860 -3.798555 99.378934 16.805 4.6 0.998
2087 2010 10 27 3 51 10.190 -2.983615 99.353503 3.683 3.5 0.992
2088 2010 10 27 4 6 22.000 -3.396201 99.666393 38.703 3.8 0.806
2089 2010 10 27 4 33 18.820 -3.611853 99.714551 14.607 4.9 0.957
2090 2010 10 27 5 12 1.140 -3.553909 99.676509 42.860 3.8 0.617
2091 2010 10 27 5 16 56.940 -2.817549 99.513648 24.905 4.8 0.390
2092 2010 10 27 6 24 17.960 -3.543165 99.637243 17.058 4.1 0.810
2093 2010 10 27 6 59 47.260 0.902986 97.384303 21.271 2.9 0.460
2095 2010 10 27 11 15 29.800 -3.481725 99.637077 43.939 4.7 0.675
2097 2010 10 27 12 35 47.910 -3.125348 99.582035 50.497 4.0 0.370
2098 2010 10 27 15 9 35.810 -3.736744 99.295786 18.277 5.1 0.610
2099 2010 10 27 16 2 13.720 -3.696266 99.457242 37.455 4.3 0.560
2100 2010 10 27 16 14 19.220 -3.716950 99.969462 44.711 4.3 0.487
2101 2010 10 27 16 39 10.600 -2.780798 99.863196 17.716 4.3 0.819
2102 2010 10 27 17 10 15.530 -3.375045 99.483909 51.971 4.3 0.359
2104 2010 10 27 18 1 58.530 -2.911485 99.598865 12.378 3.1 0.439
2106 2010 10 27 21 34 56.500 -3.009645 99.676702 17.299 4.5 0.543
2107 2010 10 28 0 58 14.310 -3.384889 99.860499 73.129 3.5 0.721
2108 2010 10 28 9 13 42.990 -2.609787 99.710304 18.260 3.7 0.767
2109 2010 10 28 9 37 53.060 -3.673315 99.785256 61.023 4.4 1.052
2110 2010 10 28 9 52 13.570 -3.197239 100.134468 32.627 4.5 0.644
2112 2010 10 28 17 10 6.730 -3.524683 99.288033 32.267 4.6 0.467
2115 2010 10 29 0 44 50.440 -2.762960 99.616742 26.880 4.2 0.425
2117 2010 10 29 4 45 41.420 -3.170922 100.081008 31.758 4.4 0.461
2118 2010 10 29 5 7 37.920 -3.295007 99.523970 38.519 4.4 0.482
2119 2010 10 29 8 4 1.310 2.164866 96.686777 28.387 3.9 0.737
2120 2010 10 29 13 13 34.740 -3.680534 99.481299 38.220 4.7 0.392
2121 2010 10 29 15 11 14.070 -3.604460 99.819259 31.642 4.6 0.498
2122 2010 10 29 15 37 7.900 -2.786366 99.586206 24.429 3.9 0.577
2123 2010 10 29 16 30 7.000 -3.345963 99.532709 41.381 4.2 0.363
2125 2010 10 29 18 5 25.720 -3.431669 99.547629 33.130 5.0 0.596
2128 2010 10 29 21 27 32.980 -3.597359 99.806994 39.555 4.5 0.623
2129 2010 10 29 23 3 28.890 -3.222844 99.699464 30.752 3.9 0.543
2130 2010 10 29 23 47 37.690 -3.325590 99.684118 59.003 4.1 0.756
2131 2010 10 30 0 55 36.110 -3.468750 99.571475 38.390 4.7 0.824
2134 2010 10 30 8 18 55.200 -3.648060 99.775719 54.425 4.0 0.779
2137 2010 10 30 22 48 45.850 -3.429313 99.742183 42.840 4.4 0.685
2138 2010 10 31 0 1 51.310 -3.576502 99.777274 6.781 4.8 0.717
2139 2010 10 31 4 30 43.980 -3.199434 99.977568 29.952 4.7 0.407
2141 2010 10 31 12 23 39.670 -3.516490 99.914737 34.299 4.9 0.850
2142 2010 11 1 2 15 47.910 -3.382659 100.016787 42.398 4.4 0.928
2143 2010 11 1 13 28 31.060 -2.733733 99.724635 43.287 4.6 1.168
2145 2010 11 1 16 50 35.960 4.647163 96.334234 13.237 4.1 0.987
2146 2010 11 2 5 16 19.910 -3.435857 99.738003 57.586 4.6 0.888
2147 2010 11 2 5 24 40.960 -3.346873 99.582918 44.768 4.2 0.450
2148 2010 11 2 5 47 8.820 -3.521235 99.567543 61.752 4.0 0.645
2149 2010 11 2 14 45 45.810 -3.691453 99.972671 49.485 4.7 0.685
2155 2010 11 4 0 7 59.120 -3.644539 99.482357 48.325 4.2 0.505
2156 2010 11 4 5 39 44.490 -3.350569 100.294908 34.156 4.6 0.733
2157 2010 11 4 17 6 24.340 -3.473300 99.915386 41.688 4.4 0.800
2158 2010 11 4 18 25 30.140 -3.116236 99.945651 31.112 4.5 0.602
2159 2010 11 5 0 44 9.060 -3.163332 99.331645 6.718 3.9 0.281
2165 2010 11 6 20 18 14.160 -3.552723 99.692486 36.452 4.7 0.588
2168 2010 11 7 7 50 42.450 1.258532 97.091031 36.823 3.0 0.701
2171 2010 11 7 11 52 33.960 -3.593712 99.680968 31.323 4.0 0.657
2173 2010 11 7 14 15 56.760 -3.438226 99.602591 59.736 4.0 0.659
2174 2010 11 7 14 19 50.110 -3.575451 99.590614 26.955 4.6 0.965
2175 2010 11 7 15 26 47.890 -3.595626 99.664535 43.048 4.0 0.479
2176 2010 11 7 16 15 54.070 -3.700447 99.482429 48.142 4.4 0.508
2177 2010 11 7 17 22 23.940 -3.511055 99.428875 15.104 4.6 0.731
2178 2010 11 8 5 15 33.130 -1.672383 99.550689 15.392 3.3 1.105
2179 2010 11 8 7 3 28.990 -3.604627 99.842346 63.966 4.1 1.152
2181 2010 11 8 14 16 20.480 -3.765693 99.581903 18.344 4.8 0.855
2182 2010 11 8 18 6 44.840 -3.608386 99.703235 49.549 3.8 0.468
2183 2010 11 8 18 10 15.640 1.000754 99.502428 10.519 2.8 0.689
2184 2010 11 8 18 13 56.560 1.003725 99.442219 6.979 3.0 0.597
2185 2010 11 8 23 3 33.330 -3.647635 99.747609 53.887 4.9 0.551
2187 2010 11 9 0 46 20.810 -3.305823 99.619070 42.391 3.9 0.550
2188 2010 11 9 11 16 49.190 -1.743459 99.241191 32.430 5.2 1.113
2190 2010 11 9 17 28 10.910 -2.840861 99.947967 37.213 4.6 0.588
2193 2010 11 10 5 21 15.060 4.433710 96.245171 9.277 4.1 0.949
2195 2010 11 10 23 56 37.050 -0.499195 99.168665 60.836 3.6 0.925
2196 2010 11 11 18 22 60.000 0.404543 98.289444 11.945 4.3 0.940
2198 2010 11 12 10 40 31.650 -2.808559 99.951599 19.524 4.5 0.680
2199 2010 11 12 16 18 8.730 1.949981 96.663753 31.050 4.3 0.525
2200 2010 11 12 19 1 29.010 -1.111930 100.067142 19.826 4.0 1.314
2205 2010 11 13 21 36 25.760 -3.645973 99.526005 58.045 3.8 0.474
2207 2010 11 14 0 43 51.680 -3.305253 99.409503 42.490 4.1 0.441
2210 2010 11 14 16 27 17.110 -3.238163 99.854052 25.323 3.8 0.444
2211 2010 11 14 21 59 51.860 -3.596275 99.323582 27.046 4.3 0.470
2213 2010 11 15 9 43 21.900 1.280607 96.936910 18.425 4.8 0.877
2215 2010 11 15 19 15 3.150 -3.313385 100.393289 25.157 3.8 0.673
2218 2010 11 16 5 57 9.850 -3.074478 100.187377 19.613 3.8 0.686
2219 2010 11 16 6 44 34.040 2.209959 96.375140 20.223 4.3 0.902
2221 2010 11 16 13 48 32.990 3.557824 97.080522 58.811 4.2 0.892
2223 2010 11 17 14 46 17.090 -3.286107 100.204618 16.423 4.1 1.049
2224 2010 11 17 15 19 13.950 -3.345760 99.978457 26.266 4.5 0.470
2226 2010 11 19 6 18 19.300 0.457718 98.456167 17.135 3.2 0.333
2227 2010 11 19 10 20 14.010 -3.880476 99.689352 32.878 4.7 0.580
2228 2010 11 19 11 27 43.370 -3.273843 99.501724 45.031 4.7 0.538
2229 2010 11 19 21 55 15.950 1.004665 99.966506 207.369 5.4 1.222
2230 2010 11 20 2 13 35.450 -3.357710 100.104145 32.225 4.9 0.824
2233 2010 11 20 9 31 42.430 -3.470473 99.867071 33.404 3.8 0.436
2234 2010 11 20 10 44 53.990 -3.839533 99.730646 37.182 4.3 0.580
2236 2010 11 21 1 2 49.830 -3.523678 99.752731 39.344 4.3 0.410
2238 2010 11 21 7 6 46.040 -0.424030 99.189429 25.176 3.7 0.925
2239 2010 11 22 9 1 39.980 -3.688066 99.403231 29.674 4.7 0.915
2240 2010 11 22 14 43 56.290 -3.352593 99.619350 64.880 4.5 0.781
2241 2010 11 22 17 49 54.070 -3.544136 99.660869 52.705 4.5 0.704
2243 2010 11 23 14 20 35.910 -3.727959 99.587128 44.779 4.3 0.442
2245 2010 11 24 7 13 40.980 0.497403 98.470229 8.749 3.8 0.789
2248 2010 11 25 3 57 56.280 -3.091105 100.057734 30.369 4.1 0.391
2249 2010 11 25 4 20 5.360 2.038670 96.227467 17.414 3.5 0.763
2250 2010 11 25 7 0 49.070 1.103442 99.417467 6.422 4.6 0.778
2252 2010 11 26 12 47 22.050 -4.404259 102.030464 48.108 4.4 0.552
2253 2010 11 27 2 3 38.850 -1.456841 99.371351 18.114 3.7 0.568
2254 2010 11 27 15 26 13.830 -3.615929 99.781974 25.491 4.5 0.653
2255 2010 11 27 19 22 9.340 -3.462620 99.864604 42.992 4.1 0.826
2256 2010 11 27 23 36 14.770 0.194289 98.396742 20.169 2.9 1.097
2258 2010 11 28 14 50 59.020 -3.678179 99.448074 12.207 4.6 0.691
2260 2010 11 29 1 45 26.420 -3.576839 99.836886 35.582 4.8 0.655
2262 2010 11 30 3 1 57.860 -3.381415 100.029850 72.842 4.7 1.404
2263 2010 11 30 3 7 6.790 -3.529763 99.899616 42.621 4.4 0.463
2264 2010 11 30 5 44 6.400 -2.952024 99.927677 25.187 4.5 0.526
2265 2010 11 30 6 2 44.920 -2.966027 99.928550 32.829 4.8 0.646
2266 2010 11 30 13 16 21.250 -3.584993 99.628594 53.208 4.5 0.604
2268 2010 12 1 0 50 21.990 2.562878 98.802966 152.089 5.2 1.017
2270 2010 12 1 11 3 34.840 -2.914456 99.994727 24.466 4.9 0.347
2273 2010 12 3 3 11 46.990 -0.939835 100.390762 10.007 4.2 1.374
2274 2010 12 4 3 42 22.910 -3.644319 99.545570 39.730 3.9 0.512
2275 2010 12 4 21 37 17.490 -1.760355 99.538772 32.667 4.2 0.965
2277 2010 12 5 13 50 45.070 -3.338398 99.349866 25.146 4.5 0.361
2279 2010 12 6 3 36 11.710 -3.294664 99.439078 44.750 4.2 0.427
2280 2010 12 6 6 2 23.230 -3.552139 99.589311 9.684 4.5 1.016
2281 2010 12 6 7 56 11.990 -3.829263 100.040638 31.235 5.2 1.258
2283 2010 12 7 14 12 0.980 0.520012 98.731323 10.182 3.5 0.954
2286 2010 12 8 13 40 19.970 -1.796866 99.648230 24.630 3.9 1.160
2287 2010 12 8 16 12 48.020 0.529984 98.758697 9.837 3.3 0.954
2289 2010 12 8 23 37 24.990 1.275162 96.907483 16.686 3.5 0.434
2297 2010 12 10 20 50 34.000 -3.398963 100.017279 9.866 4.4 1.003
2299 2010 12 11 19 36 49.000 -3.839279 100.198167 25.794 4.7 1.050
2300 2010 12 11 21 36 52.170 -0.506577 99.189169 29.331 3.6 1.372
2303 2010 12 13 8 31 3.700 1.907010 96.914955 3.520 3.6 1.030
2304 2010 12 13 11 23 47.880 0.802989 97.343799 32.504 3.6 0.731
2305 2010 12 13 20 49 40.480 -3.530044 99.803192 38.794 4.5 0.545
2306 2010 12 14 8 12 44.190 2.090670 96.844313 14.316 2.7 1.173
2309 2010 12 16 3 54 25.050 1.951294 97.825547 28.596 3.8 0.778
2311 2010 12 16 8 43 32.820 0.532928 98.498307 10.443 4.3 0.938
2312 2010 12 16 11 46 55.000 0.849756 98.671004 59.367 3.6 0.558
2313 2010 12 17 12 42 32.010 2.733736 98.843063 158.693 4.5 0.551
2316 2010 12 18 0 24 44.890 -0.752167 100.106503 64.688 4.4 0.329
2321 2010 12 19 18 29 40.020 0.538341 98.427093 9.945 4.2 0.869
2322 2010 12 20 7 38 55.930 1.884211 98.896064 102.964 3.2 0.660
2323 2010 12 20 12 7 31.980 3.346144 98.429445 8.930 3.4 1.021
2327 2010 12 20 21 58 55.350 2.281361 96.537914 30.274 3.0 0.729
2328 2010 12 20 23 32 25.050 3.191847 98.349873 10.537 2.4 0.814
2332 2010 12 21 14 7 49.020 2.651858 95.864484 10.077 5.6 0.927
2334 2010 12 21 16 6 18.960 2.629548 95.692919 14.451 4.2 0.998
2336 2010 12 21 20 16 20.120 2.839717 96.143165 20.333 4.0 2.036
2338 2010 12 22 3 43 0.250 1.329227 96.896597 16.228 4.3 0.385
2343 2010 12 22 13 57 49.090 3.359120 98.470414 10.421 1.9 0.919
2344 2010 12 22 15 53 47.890 2.601128 95.673941 15.810 4.0 0.683
2349 2010 12 24 1 56 19.430 1.946921 99.160436 7.416 2.0 2.248
2350 2010 12 24 4 53 14.720 2.018392 99.085672 12.142 2.4 0.817
2351 2010 12 24 4 53 15.840 2.065404 99.018016 11.418 2.4 0.697
2352 2010 12 24 7 8 49.360 2.015964 98.971352 9.895 2.8 0.669
2354 2010 12 25 0 22 11.060 1.263574 97.347799 39.379 2.8 0.126
2355 2010 12 25 0 39 14.840 1.596478 97.371998 39.913 3.6 0.837
2356 2010 12 25 2 27 21.080 2.109186 98.996366 11.881 2.7 0.580
2357 2010 12 25 17 1 50.110 3.372126 98.213172 10.357 2.9 0.655
2360 2010 12 27 16 28 9.970 -1.299880 100.232151 42.070 3.5 0.600
2364 2010 12 28 16 13 18.000 0.398322 98.260939 9.830 3.6 1.117
2366 2010 12 29 17 13 22.310 -3.185799 99.504299 42.715 4.8 0.477
2369 2010 12 31 17 57 55.230 0.873803 97.344669 29.622 4.1 0.388
